0 0.600244 0.088254 0.021360 0.018910
0 0.659382 0.208756 0.025729 0.026322
0 0.690870 0.142128 0.018627 0.037836
0 0.713862 0.110876 0.037232 0.029626
0 0.766135 0.137314 0.019718 0.018912
0 0.739870 0.177497 0.018061 0.021388
0 0.737979 0.111276 0.013616 0.022585
0 0.749657 0.134583 0.030733 0.034799
0 0.857155 0.597036 0.013218 0.039364
0 0.856932 0.573612 0.016672 0.032208
0 0.831164 0.580286 0.029241 0.089152
0 0.838413 0.658042 0.017749 0.039697
0 0.790883 0.625825 0.013653 0.020157
0 0.761419 0.572957 0.020565 0.051718
0 0.725691 0.575825 0.037474 0.037740
0 0.686813 0.514656 0.019043 0.025369
0 0.740631 0.379317 0.017110 0.022775
0 0.727196 0.424087 0.029736 0.043015
0 0.709929 0.394039 0.029996 0.029427
0 0.712803 0.394248 0.025350 0.047528
0 0.722462 0.377354 0.024652 0.030259
0 0.878812 0.432091 0.019282 0.041324
0 0.866572 0.469990 0.012128 0.016919
0 0.863435 0.505940 0.018842 0.069948
0 0.876535 0.502037 0.020357 0.023750
0 0.606837 0.184919 0.026210 0.050124
0 0.605941 0.236839 0.030383 0.051927
0 0.610414 0.278906 0.028603 0.034017
0 0.689667 0.286513 0.032176 0.045658
0 0.711120 0.310683 0.017878 0.038491
0 0.794254 0.298142 0.024432 0.029543
0 0.795140 0.264135 0.019067 0.025958
0 0.816592 0.227884 0.021453 0.021490
0 0.821360 0.245337 0.029795 0.040284
0 0.845243 0.347824 0.014936 0.028956
0 0.853904 0.321309 0.034421 0.037090
0 0.861050 0.317079 0.023607 0.030584
0 0.858991 0.282591 0.022524 0.019521
0 0.851952 0.277216 0.026191 0.044576
0 0.820221 0.457143 0.023396 0.033505
0 0.824882 0.501064 0.022744 0.038070
0 0.858346 0.423300 0.017766 0.021792
0 0.864733 0.430781 0.023613 0.045212
0 0.518887 0.235336 0.019776 0.031740
0 0.413043 0.207167 0.016023 0.024581
0 0.412709 0.301642 0.031686 0.028175
0 0.543091 0.265801 0.040911 0.029191
0 0.437448 0.167479 0.020449 0.027139
0 0.477468 0.153654 0.025563 0.026118
0 0.495201 0.166711 0.023528 0.041991
0 0.500311 0.176953 0.013975 0.017409
0 0.534404 0.237380 0.023530 0.027651
0 0.554503 0.166462 0.013134 0.058860
0 0.540002 0.163409 0.028904 0.027258
0 0.533153 0.166960 0.023418 0.016410
0 0.543623 0.154202 0.014265 0.040991
0 0.668735 0.451933 0.019249 0.037649
0 0.637683 0.505107 0.016422 0.026239
0 0.590872 0.504714 0.020858 0.045826
0 0.686840 0.426368 0.030249 0.066200
0 0.688926 0.453593 0.020861 0.028205
0 0.371143 0.239111 0.044045 0.036399
0 0.412252 0.344712 0.016882 0.031440
0 0.392981 0.338650 0.015786 0.027024
0 0.375548 0.330650 0.022768 0.036388
0 0.345988 0.388561 0.028992 0.026462
0 0.396102 0.448110 0.016153 0.030873
0 0.482001 0.308042 0.029362 0.041911
0 0.484023 0.320728 0.019457 0.058455
0 0.483839 0.376150 0.018356 0.065625
0 0.482004 0.406755 0.016153 0.030884
0 0.520372 0.355469 0.015048 0.055146
0 0.550836 0.360984 0.033405 0.069485
0 0.558912 0.367602 0.015786 0.022059
0 0.499260 0.457771 0.016884 0.018186
0 0.643530 0.373661 0.045528 0.071677
0 0.658577 0.407035 0.032297 0.053497
0 0.696618 0.459076 0.024252 0.039953
0 0.555288 0.492373 0.033120 0.061123
0 0.433898 0.563863 0.043288 0.037214
0 0.528299 0.564842 0.022434 0.042305
0 0.574056 0.565428 0.038325 0.064634
0 0.576277 0.573658 0.030253 0.026253
0 0.546943 0.617525 0.028416 0.040336
0 0.544203 0.573460 0.028684 0.047789
0 0.539244 0.590300 0.018261 0.039169
0 0.588920 0.697245 0.017467 0.034474
0 0.705874 0.634568 0.023479 0.057957
0 0.672501 0.767949 0.023473 0.042698
0 0.722829 0.699397 0.039643 0.034080
0 0.732744 0.681773 0.028684 0.034857
0 0.648533 0.863743 0.013675 0.038758
0 0.646541 0.852168 0.029076 0.029645
0 0.591015 0.795770 0.014707 0.032965
0 0.368622 0.648912 0.017632 0.032076
0 0.353400 0.556236 0.038471 0.032902
0 0.323482 0.483216 0.014949 0.023271
0 0.316811 0.495249 0.013350 0.018455
0 0.454032 0.822233 0.027236 0.043309
0 0.448690 0.775694 0.019776 0.025672
0 0.739809 0.270168 0.016569 0.017649
