0 0.487303 0.691602 0.026343 0.031371
0 0.320898 0.337040 0.025946 0.025567
0 0.353448 0.221049 0.031483 0.036426
0 0.327500 0.237658 0.014457 0.027481
0 0.320898 0.337040 0.025946 0.025567
0 0.353448 0.221049 0.031483 0.036426
0 0.327500 0.237658 0.014457 0.027481
0 0.302182 0.402872 0.021699 0.037070
0 0.230916 0.419167 0.021270 0.032591
0 0.179225 0.415975 0.015744 0.037709
0 0.220922 0.325218 0.013178 0.019813
0 0.276230 0.251079 0.017445 0.033877
0 0.272612 0.270253 0.015315 0.022368
0 0.259209 0.283995 0.023404 0.031955
0 0.245596 0.263223 0.032760 0.041545
0 0.218368 0.487555 0.020852 0.047935
0 0.192842 0.488834 0.012333 0.036429
0 0.288992 0.334484 0.016595 0.039623
0 0.285378 0.317227 0.017016 0.021735
0 0.270269 0.326170 0.023393 0.034499
0 0.279846 0.552104 0.017867 0.028767
0 0.166677 0.613465 0.015326 0.026209
0 0.181776 0.598118 0.019146 0.030030
0 0.166463 0.592691 0.019142 0.023009
0 0.303821 0.555727 0.019483 0.058095
0 0.308903 0.503738 0.017447 0.029265
0 0.322571 0.509416 0.036640 0.025771
0 0.374473 0.480808 0.018906 0.027954
0 0.333477 0.481456 0.028794 0.041492
0 0.320825 0.458315 0.022680 0.018778
0 0.324163 0.434733 0.013074 0.029268
0 0.328239 0.449141 0.013666 0.023150
0 0.342018 0.446562 0.021994 0.026104
0 0.347990 0.442680 0.022531 0.037106
0 0.350027 0.470621 0.021719 0.029353
0 0.351250 0.468995 0.018193 0.061999
0 0.435563 0.384153 0.027687 0.033450
0 0.471938 0.397610 0.016827 0.044064
0 0.471943 0.478377 0.014663 0.022024
0 0.447369 0.467165 0.020365 0.031418
0 0.436098 0.484912 0.032020 0.030176
0 0.430260 0.506112 0.026870 0.035077
0 0.559650 0.471834 0.024982 0.026927
0 0.534256 0.499180 0.019278 0.027737
0 0.523663 0.522632 0.021442 0.017539
0 0.505615 0.528544 0.021714 0.032638
0 0.508327 0.539151 0.015748 0.044050
0 0.514438 0.569945 0.018741 0.034670
0 0.518101 0.606249 0.014120 0.024067
0 0.483347 0.778578 0.026067 0.026104
0 0.499764 0.848527 0.012201 0.022439
0 0.512811 0.703728 0.016571 0.036311
0 0.473919 0.828985 0.040799 0.046021
0 0.485674 0.853440 0.024897 0.047519
0 0.482746 0.850140 0.021382 0.035639
0 0.365002 0.898987 0.015524 0.028590
0 0.398827 0.823954 0.027529 0.035187
0 0.324725 0.790295 0.029875 0.054102
0 0.232020 0.767201 0.013182 0.022002
0 0.190313 0.730651 0.013032 0.022899
0 0.271779 0.824794 0.021692 0.046283
0 0.294804 0.791919 0.025121 0.046889
0 0.272352 0.784202 0.020546 0.040589
0 0.277867 0.784774 0.023975 0.040589
0 0.567513 0.614811 0.024982 0.050168
0 0.569283 0.597885 0.021452 0.022841
0 0.570505 0.626235 0.023352 0.059144
0 0.564939 0.618689 0.012762 0.039972
0 0.524074 0.794280 0.022269 0.023252
0 0.632544 0.706589 0.014384 0.038750
0 0.651957 0.688846 0.016283 0.044047
0 0.535613 0.857912 0.016021 0.028142
0 0.418928 0.530547 0.019916 0.027751
0 0.430040 0.541169 0.013856 0.028180
0 0.380971 0.569784 0.023673 0.035988
0 0.390934 0.557639 0.028569 0.033395
0 0.369424 0.613354 0.017309 0.034692
0 0.362637 0.647398 0.019337 0.026459
0 0.468427 0.581057 0.010968 0.016041
0 0.459192 0.581488 0.020766 0.042932
0 0.453567 0.592983 0.030301 0.019942
0 0.415466 0.579977 0.027425 0.033824
0 0.418782 0.594065 0.016743 0.022112
0 0.410274 0.617907 0.021061 0.029923
0 0.428597 0.622983 0.012700 0.044397
0 0.416698 0.650251 0.026098 0.044213
0 0.424321 0.659514 0.009016 0.047051
0 0.383376 0.670376 0.013526 0.029634
0 0.401179 0.749175 0.034408 0.050267
0 0.419810 0.743114 0.018037 0.027450
0 0.425150 0.722260 0.022544 0.027808
0 0.449927 0.724572 0.017559 0.037420
0 0.440457 0.662724 0.013290 0.019964
0 0.468580 0.718338 0.020649 0.028521
0 0.471309 0.701231 0.024208 0.038508
0 0.474392 0.692492 0.013290 0.027450
0 0.448051 0.668963 0.018037 0.035295
0 0.454574 0.653278 0.016842 0.031726
0 0.462883 0.675381 0.020172 0.028164
0 0.485428 0.681083 0.022069 0.019606
0 0.460390 0.700344 0.025627 0.027450
0 0.495491 0.667537 0.020418 0.029573
0 0.481275 0.640618 0.024206 0.026390
0 0.486140 0.644994 0.022881 0.023007
0 0.487365 0.646327 0.016299 0.019251
0 0.486002 0.637196 0.018360 0.018577
