0 0.480591 0.367271 0.020665 0.028315
0 0.439601 0.296657 0.014078 0.020809
0 0.509775 0.288812 0.012269 0.022172
0 0.490245 0.294444 0.014984 0.016366
0 0.481722 0.323093 0.015662 0.020471
0 0.418255 0.342540 0.014534 0.023197
0 0.394071 0.337251 0.015216 0.024221
0 0.378742 0.326506 0.011809 0.045710
0 0.334344 0.332646 0.026107 0.048442
0 0.264632 0.457841 0.014762 0.027291
0 0.439947 0.425779 0.021573 0.037517
0 0.479568 0.406330 0.019529 0.021151
0 0.496147 0.389782 0.022258 0.037175
0 0.484565 0.352773 0.020438 0.025242
0 0.491832 0.366077 0.024525 0.019102
0 0.449589 0.469440 0.021354 0.025928
0 0.466852 0.476604 0.024980 0.012965
0 0.573032 0.041977 0.017471 0.024152
0 0.524805 0.097894 0.021530 0.022990
0 0.505990 0.115270 0.016708 0.020628
0 0.340870 0.170827 0.012641 0.029320
0 0.292957 0.195087 0.018264 0.049259
0 0.318007 0.200724 0.030592 0.023442
0 0.308875 0.227102 0.011393 0.020867
0 0.432953 0.149146 0.011705 0.023915
0 0.533233 0.146191 0.011870 0.028599
0 0.590657 0.657731 0.009577 0.027544
0 0.550922 0.634577 0.020466 0.031545
0 0.654590 0.535553 0.013033 0.038728
0 0.548662 0.640168 0.023391 0.020363
0 0.529521 0.651536 0.017535 0.021542
0 0.551187 0.676298 0.014085 0.020752
0 0.564877 0.659533 0.021265 0.019166
0 0.676787 0.595044 0.013288 0.019548
0 0.676118 0.569298 0.024194 0.027142
0 0.520042 0.040337 0.016697 0.025553
0 0.708146 0.512991 0.015948 0.016770
0 0.659241 0.511195 0.020209 0.023557
0 0.696185 0.515787 0.013290 0.024758
0 0.679572 0.520577 0.016215 0.016770
0 0.672130 0.500613 0.013556 0.015173
0 0.677446 0.492628 0.013026 0.016770
0 0.607140 0.619204 0.018074 0.021564
0 0.570861 0.605428 0.017271 0.037932
0 0.584282 0.621993 0.020733 0.037544
0 0.586938 0.644559 0.013821 0.017170
0 0.489524 0.455892 0.027916 0.022759
0 0.554483 0.457888 0.017544 0.023557
0 0.419480 0.644113 0.020731 0.020749
0 0.390902 0.627547 0.019413 0.041933
0 0.391969 0.635735 0.012495 0.025556
0 0.399017 0.641730 0.012220 0.030361
0 0.518602 0.595040 0.025511 0.032756
0 0.499594 0.565300 0.020999 0.016371
0 0.521683 0.500014 0.018873 0.020765
0 0.542681 0.498424 0.010898 0.015983
0 0.522610 0.537145 0.016474 0.027142
0 0.536836 0.517786 0.010896 0.036344
0 0.544277 0.517983 0.016215 0.019964
0 0.572054 0.540742 0.016479 0.019166
0 0.572716 0.074217 0.020916 0.022976
0 0.576439 0.564700 0.014087 0.027153
0 0.545079 0.547329 0.024725 0.047522
0 0.547865 0.545335 0.015418 0.021963
0 0.556108 0.561703 0.014360 0.019160
0 0.555839 0.563702 0.031897 0.028747
0 0.637411 0.492824 0.018066 0.017161
0 0.698152 0.447706 0.015150 0.029146
0 0.700811 0.449503 0.023125 0.020763
0 0.633983 0.520578 0.022320 0.023959
0 0.625084 0.537154 0.013028 0.027563
0 0.612720 0.555920 0.023387 0.025165
0 0.627737 0.569495 0.018865 0.023566
0 0.612058 0.576476 0.010898 0.016762
0 0.663361 0.551129 0.010374 0.018778
0 0.581758 0.680096 0.018867 0.042726
0 0.589995 0.701459 0.026314 0.033541
0 0.567402 0.723227 0.018873 0.018756
0 0.526863 0.687885 0.011157 0.022357
0 0.517829 0.686685 0.014353 0.026355
0 0.510652 0.697266 0.013821 0.045920
0 0.508791 0.685487 0.007975 0.020765
0 0.530987 0.762142 0.022062 0.012775
0 0.609668 0.737199 0.006103 0.036341
0 0.684878 0.639053 0.024184 0.024978
0 0.724719 0.667925 0.013173 0.026269
0 0.747718 0.632079 0.015121 0.020760
0 0.651412 0.661930 0.023316 0.043486
0 0.637155 0.676518 0.015975 0.027249
0 0.641364 0.681545 0.017053 0.015898
0 0.732492 0.729394 0.012740 0.031795
0 0.744692 0.751770 0.025051 0.033078
0 0.545277 0.884769 0.017056 0.024653
0 0.570648 0.839358 0.040596 0.050578
0 0.519105 0.134939 0.020445 0.030947
0 0.476804 0.076795 0.020438 0.033293
0 0.418745 0.067764 0.015442 0.024626
0 0.466117 0.109970 0.011237 0.024146
0 0.451834 0.084886 0.027308 0.028362
0 0.449496 0.108235 0.021382 0.035870
0 0.393548 0.083031 0.015616 0.028133
0 0.392374 0.097919 0.016074 0.041030
0 0.399319 0.152077 0.025284 0.034463
0 0.415862 0.122888 0.033088 0.034229
0 0.432948 0.149146 0.016069 0.017346
0 0.331816 0.254064 0.012643 0.020865
0 0.336114 0.224759 0.016554 0.032117
0 0.366935 0.208466 0.015764 0.024862
0 0.357335 0.226750 0.023098 0.020631
0 0.364203 0.233081 0.014047 0.022037
0 0.416565 0.217021 0.015762 0.020396
0 0.444033 0.204006 0.016699 0.021558
0 0.379263 0.255001 0.008897 0.020867
0 0.407825 0.248435 0.014514 0.024623
0 0.398148 0.286769 0.011706 0.022976
0 0.408527 0.263911 0.019665 0.014303
0 0.580068 0.162612 0.018347 0.026308
0 0.489073 0.205355 0.021890 0.031250
0 0.503306 0.192210 0.016420 0.023020
0 0.507958 0.175767 0.016968 0.016445
0 0.589406 0.206825 0.067229 0.128629
0 0.544970 0.253841 0.019984 0.016382
0 0.534183 0.224509 0.023387 0.023879
0 0.463787 0.251627 0.022027 0.046735
0 0.424951 0.276876 0.018389 0.021484
0 0.438809 0.277554 0.013402 0.025586
