0 0.549741 0.451216 0.013110 0.017349
0 0.694862 0.304532 0.018561 0.026079
0 0.707581 0.320044 0.010477 0.028326
0 0.690758 0.342252 0.023283 0.033210
0 0.694520 0.324765 0.019520 0.034975
0 0.681935 0.433223 0.014575 0.022965
0 0.733442 0.467316 0.015993 0.021905
0 0.764251 0.375285 0.021168 0.032150
0 0.759783 0.390829 0.014111 0.017313
0 0.773187 0.396490 0.014109 0.021558
0 0.487802 0.250223 0.037628 0.038992
0 0.586507 0.253498 0.029333 0.046313
0 0.594739 0.263391 0.030830 0.051710
0 0.509062 0.223652 0.029727 0.037872
0 0.487614 0.247393 0.014674 0.020914
0 0.484231 0.281590 0.021457 0.032784
0 0.486485 0.288374 0.039509 0.049744
0 0.496457 0.263504 0.024835 0.028263
0 0.479713 0.269156 0.087678 0.083659
0 0.423679 0.260965 0.025218 0.045774
0 0.345228 0.340377 0.018814 0.026002
0 0.428766 0.329916 0.023334 0.033340
0 0.424812 0.353661 0.025962 0.028830
0 0.414841 0.351682 0.030854 0.029394
0 0.385076 0.311267 0.043649 0.034482
0 0.403890 0.299679 0.027091 0.030526
0 0.397306 0.314375 0.020696 0.029394
0 0.405960 0.322006 0.016932 0.025438
0 0.561542 0.320045 0.020647 0.030124
0 0.562442 0.332634 0.018858 0.034623
0 0.574569 0.341178 0.008999 0.033722
0 0.573513 0.355120 0.026032 0.027420
0 0.577977 0.353992 0.012870 0.017087
0 0.490627 0.377117 0.013174 0.025997
0 0.512825 0.338117 0.019943 0.010176
0 0.523735 0.348857 0.022947 0.056525
0 0.536529 0.335007 0.021444 0.036743
0 0.557055 0.355116 0.020652 0.031024
0 0.591296 0.277554 0.013768 0.031473
0 0.610904 0.268107 0.032628 0.039557
0 0.642513 0.308124 0.022746 0.048571
0 0.631736 0.348822 0.019740 0.036421
0 0.647602 0.339605 0.011981 0.042266
0 0.645018 0.393113 0.025433 0.029672
0 0.669717 0.366132 0.028136 0.053056
0 0.807049 0.520131 0.020689 0.034270
0 0.789297 0.522781 0.014815 0.020490
0 0.773778 0.536384 0.030816 0.029325
0 0.795644 0.542562 0.029863 0.036737
0 0.737205 0.574537 0.019285 0.028618
0 0.751433 0.583370 0.020462 0.029323
0 0.743437 0.608804 0.023281 0.034265
0 0.637254 0.519420 0.020696 0.030746
0 0.649488 0.503527 0.017410 0.039213
0 0.654073 0.484979 0.033167 0.029678
0 0.704751 0.536382 0.013171 0.025787
0 0.717453 0.539386 0.015057 0.015545
0 0.699694 0.512186 0.022812 0.026134
0 0.689937 0.530728 0.016937 0.031440
0 0.403189 0.423784 0.013424 0.016881
0 0.412394 0.430818 0.019971 0.013128
0 0.421450 0.418860 0.017482 0.028601
0 0.429875 0.422383 0.022471 0.026269
0 0.477319 0.447234 0.013726 0.023433
0 0.492305 0.467621 0.018726 0.015474
0 0.509472 0.421909 0.014362 0.019694
0 0.487784 0.545705 0.015927 0.028139
0 0.470769 0.503498 0.019976 0.019694
0 0.452043 0.485679 0.027476 0.034700
0 0.487780 0.495760 0.027155 0.033293
0 0.531479 0.513349 0.022782 0.030955
0 0.541938 0.493415 0.017480 0.029540
0 0.597819 0.572902 0.021848 0.030958
0 0.522434 0.435270 0.027163 0.039868
0 0.520244 0.444650 0.021540 0.020165
0 0.534916 0.438080 0.049010 0.040807
0 0.554425 0.462931 0.029969 0.027679
0 0.561760 0.444177 0.037148 0.021118
0 0.561603 0.452387 0.013110 0.022506
0 0.588291 0.417453 0.025284 0.033293
0 0.588294 0.405727 0.020920 0.039868
0 0.592349 0.418860 0.022788 0.033293
0 0.604830 0.701613 0.020913 0.036101
0 0.574555 0.697624 0.019036 0.027197
0 0.572526 0.665033 0.018732 0.042676
0 0.431370 0.519917 0.025493 0.047665
0 0.527405 0.568428 0.015865 0.042555
0 0.366505 0.482896 0.028317 0.026388
0 0.371029 0.520341 0.028323 0.065534
0 0.389162 0.473100 0.027196 0.015308
0 0.400773 0.465453 0.031166 0.028923
0 0.392561 0.477362 0.015863 0.044257
0 0.394545 0.475235 0.020962 0.028086
0 0.401911 0.500771 0.023231 0.031498
0 0.436184 0.570558 0.013592 0.029788
0 0.399359 0.568316 0.025183 0.032145
0 0.398472 0.544124 0.018829 0.058447
0 0.403825 0.603866 0.024373 0.043040
0 0.416866 0.575924 0.023090 0.035972
0 0.377529 0.683824 0.017962 0.034664
0 0.390356 0.682551 0.030788 0.038538
0 0.445729 0.636624 0.037199 0.059736
0 0.449400 0.620655 0.026263 0.045848
0 0.454368 0.628922 0.017746 0.029325
0 0.469804 0.659309 0.013838 0.023992
0 0.473356 0.666505 0.013842 0.059711
0 0.453658 0.698228 0.018457 0.036787
0 0.508668 0.681700 0.031232 0.033588
0 0.526591 0.868831 0.013842 0.025058
0 0.462351 0.722482 0.015255 0.030917
0 0.477082 0.696362 0.014197 0.045851
0 0.496598 0.708362 0.034773 0.028265
0 0.472823 0.749939 0.024844 0.034648
0 0.484531 0.760602 0.029802 0.025052
0 0.430948 0.787522 0.022011 0.039438
0 0.440704 0.790993 0.013130 0.071974
0 0.493406 0.846173 0.019877 0.033056
0 0.535290 0.737152 0.026268 0.032508
0 0.535456 0.796854 0.040817 0.055988
0 0.565095 0.755273 0.012771 0.041052
0 0.643050 0.670692 0.029296 0.054160
0 0.573616 0.741945 0.009938 0.021858
0 0.581788 0.765405 0.019892 0.026129
0 0.600057 0.772333 0.021650 0.035719
0 0.582133 0.800856 0.017034 0.021327
0 0.713386 0.650249 0.019379 0.021418
0 0.634473 0.759162 0.017234 0.020306
0 0.673439 0.827612 0.023602 0.035454
0 0.700749 0.812483 0.033140 0.034648
0 0.696240 0.666362 0.029430 0.037844
0 0.631420 0.607426 0.023853 0.034648
0 0.643886 0.592686 0.030227 0.030653
0 0.675431 0.566611 0.022269 0.033464
0 0.673728 0.589068 0.018123 0.050608
0 0.683171 0.614847 0.016063 0.067806
0 0.691757 0.592164 0.027740 0.050562
