0 0.461817 0.255596 0.018924 0.021324
0 0.420576 0.270308 0.036486 0.044681
0 0.386611 0.293428 0.014534 0.028948
0 0.486157 0.193395 0.016224 0.017770
0 0.488870 0.198347 0.020827 0.024403
0 0.316506 0.533058 0.026516 0.033703
0 0.338260 0.470246 0.026519 0.032684
0 0.347440 0.437565 0.025836 0.026556
0 0.374294 0.646929 0.029234 0.036759
0 0.332824 0.659700 0.022430 0.041872
0 0.320585 0.595867 0.019718 0.044939
0 0.305967 0.640801 0.021758 0.071481
0 0.329419 0.400286 0.034681 0.048001
0 0.362733 0.376283 0.026521 0.032687
0 0.322625 0.392627 0.016998 0.026553
0 0.408968 0.396707 0.018354 0.026564
0 0.409990 0.441656 0.016314 0.026539
0 0.377014 0.327504 0.038163 0.037998
0 0.422486 0.308337 0.013081 0.010804
0 0.450832 0.347656 0.013952 0.021952
0 0.449089 0.298839 0.027042 0.028505
0 0.443965 0.314730 0.012432 0.028833
0 0.462394 0.317517 0.026606 0.027852
0 0.482355 0.300637 0.049952 0.026220
0 0.477556 0.319480 0.007205 0.037676
0 0.485513 0.321119 0.010033 0.016710
0 0.527933 0.333404 0.014177 0.020966
0 0.444623 0.370592 0.016362 0.019334
0 0.446255 0.372719 0.012214 0.030796
0 0.520412 0.364039 0.021382 0.032439
0 0.514736 0.393367 0.017449 0.047847
0 0.517355 0.416949 0.011342 0.017037
0 0.567086 0.352734 0.014839 0.020314
0 0.592275 0.345856 0.014168 0.021613
0 0.608193 0.315384 0.051246 0.043901
0 0.586584 0.290814 0.050806 0.034727
0 0.541230 0.295567 0.080480 0.088767
0 0.560764 0.255275 0.029241 0.026520
0 0.574167 0.243962 0.014606 0.021624
0 0.659772 0.223161 0.026607 0.034405
0 0.683981 0.219555 0.020066 0.018020
0 0.688454 0.252148 0.018107 0.024890
0 0.699793 0.249696 0.014611 0.028505
0 0.721908 0.280165 0.011342 0.018673
0 0.712216 0.309499 0.014681 0.022302
0 0.721945 0.276808 0.038699 0.110812
0 0.621079 0.423199 0.017300 0.030088
0 0.743581 0.414993 0.018211 0.023268
0 0.685290 0.469725 0.020949 0.025997
0 0.654781 0.428819 0.018774 0.022979
0 0.612798 0.475299 0.029720 0.032382
0 0.669823 0.410931 0.024870 0.024284
0 0.681978 0.374507 0.010935 0.040204
0 0.684330 0.401273 0.020159 0.038918
0 0.686061 0.401790 0.020510 0.038381
0 0.681291 0.427646 0.022425 0.031602
0 0.674160 0.436386 0.014767 0.014617
0 0.692677 0.440438 0.015643 0.014361
0 0.632788 0.548674 0.031455 0.043345
0 0.597069 0.538097 0.034417 0.026889
0 0.569079 0.577277 0.028154 0.022208
0 0.642958 0.584847 0.014597 0.016980
0 0.661650 0.571523 0.012000 0.055105
0 0.511804 0.570870 0.013380 0.020374
0 0.515543 0.584060 0.013559 0.054056
0 0.528143 0.552077 0.024505 0.042811
0 0.534925 0.550505 0.021034 0.044915
0 0.528754 0.501934 0.019120 0.034469
0 0.441166 0.571707 0.050894 0.093739
0 0.440286 0.327047 0.026323 0.065355
0 0.476650 0.405308 0.016310 0.043937
0 0.478456 0.416348 0.037714 0.025966
0 0.475837 0.427362 0.035618 0.022819
0 0.439956 0.483932 0.048864 0.034383
0 0.426136 0.462638 0.023130 0.051927
0 0.440079 0.421448 0.024315 0.040474
0 0.449016 0.442216 0.025502 0.022561
0 0.495148 0.442215 0.041008 0.036886
0 0.462013 0.447766 0.023847 0.019336
0 0.480126 0.480892 0.026697 0.050496
0 0.449733 0.515805 0.025508 0.016473
0 0.585832 0.445980 0.049560 0.030727
0 0.429069 0.609387 0.023204 0.062062
0 0.433195 0.590469 0.017309 0.023048
0 0.539213 0.493850 0.020849 0.033092
0 0.536656 0.467258 0.031472 0.050820
0 0.548262 0.505373 0.030291 0.031319
0 0.535090 0.676390 0.034622 0.042539
0 0.580519 0.659257 0.031866 0.046096
0 0.603725 0.666995 0.017696 0.035449
0 0.616908 0.669950 0.075532 0.113458
0 0.626349 0.658135 0.019670 0.059094
0 0.655657 0.676452 0.053898 0.056732
0 0.652309 0.717226 0.025183 0.098092
0 0.589177 0.799080 0.031873 0.031311
0 0.672374 0.726388 0.022029 0.057324
0 0.703258 0.743172 0.024789 0.050820
0 0.702076 0.749080 0.015343 0.022456
0 0.730596 0.729579 0.018882 0.034273
0 0.737677 0.656301 0.034617 0.022459
0 0.761279 0.638871 0.018094 0.037236
0 0.752822 0.630603 0.045236 0.047880
0 0.763054 0.714208 0.024003 0.041352
0 0.766198 0.719829 0.015343 0.026591
0 0.678832 0.799420 0.011800 0.022910
0 0.659492 0.823940 0.026609 0.034334
0 0.663297 0.822858 0.010931 0.021388
0 0.659845 0.848351 0.017546 0.027869
0 0.552248 0.608325 0.010324 0.017018
0 0.471229 0.663325 0.029536 0.052260
0 0.396175 0.703903 0.024681 0.043461
0 0.394860 0.692048 0.011530 0.015501
0 0.402143 0.702836 0.016386 0.019449
0 0.682232 0.854869 0.014714 0.013742
0 0.670995 0.845017 0.025641 0.019108
0 0.519104 0.868611 0.031279 0.039590
0 0.677277 0.852448 0.013257 0.016702
