0 0.636746 0.744584 0.049639 0.040347
0 0.661111 0.680282 0.025506 0.033527
0 0.671581 0.639930 0.027326 0.054034
0 0.688205 0.693626 0.020493 0.030099
0 0.676594 0.744595 0.071043 0.085501
0 0.774041 0.604353 0.020942 0.029416
0 0.768808 0.534233 0.042352 0.027365
0 0.724183 0.571517 0.017757 0.038992
0 0.740346 0.552362 0.040986 0.038992
0 0.724863 0.568439 0.068310 0.086195
0 0.723497 0.615983 0.051004 0.049939
0 0.616708 0.716543 0.020491 0.030785
0 0.628321 0.712438 0.013662 0.019838
0 0.625360 0.731594 0.026868 0.041729
0 0.453296 0.619156 0.051215 0.049705
0 0.447397 0.580520 0.021298 0.054818
0 0.411651 0.622287 0.028739 0.047305
0 0.420059 0.636294 0.010700 0.020209
0 0.392540 0.648420 0.012537 0.023425
0 0.442681 0.647042 0.030876 0.025262
0 0.455065 0.677814 0.020790 0.026178
0 0.567449 0.499464 0.022764 0.046671
0 0.572162 0.523476 0.013521 0.048973
0 0.571765 0.536024 0.030224 0.052566
0 0.578525 0.574850 0.024657 0.025080
0 0.658455 0.536920 0.018292 0.032855
0 0.664614 0.539317 0.017091 0.025699
0 0.598208 0.596360 0.020280 0.029868
0 0.629029 0.589491 0.038974 0.024493
0 0.516092 0.582920 0.015909 0.041220
0 0.522947 0.586802 0.014223 0.028676
0 0.631214 0.625631 0.024258 0.028673
0 0.545380 0.634007 0.017121 0.032398
0 0.383248 0.612211 0.018402 0.033838
0 0.403244 0.587835 0.025990 0.039050
0 0.444799 0.577453 0.025156 0.040512
0 0.417831 0.681797 0.023796 0.032002
0 0.412845 0.662906 0.029687 0.028263
0 0.408309 0.759416 0.086791 0.078981
0 0.511657 0.706649 0.024707 0.032682
0 0.510628 0.784447 0.061626 0.099058
0 0.509919 0.808214 0.052826 0.044458
0 0.554096 0.738431 0.037335 0.025319
0 0.528135 0.668651 0.029144 0.029427
0 0.579370 0.666947 0.042359 0.024626
0 0.570714 0.626586 0.018671 0.025997
0 0.573673 0.647792 0.032786 0.028733
0 0.594394 0.796579 0.015940 0.028042
0 0.620808 0.708330 0.070590 0.114232
0 0.388516 0.265357 0.032205 0.066308
0 0.539008 0.145679 0.019456 0.026302
0 0.524805 0.141004 0.014397 0.021627
0 0.476556 0.328634 0.018288 0.039163
0 0.638343 0.750065 0.024597 0.052679
0 0.488416 0.268435 0.033468 0.052013
0 0.484143 0.287719 0.034243 0.043841
0 0.513132 0.293850 0.015964 0.039738
0 0.656910 0.212018 0.026466 0.042098
0 0.663331 0.254986 0.023741 0.059036
0 0.642320 0.304964 0.019062 0.032726
0 0.738820 0.363122 0.021408 0.066052
0 0.688811 0.374517 0.022560 0.049094
0 0.680059 0.331557 0.015176 0.043841
0 0.672474 0.352014 0.021012 0.057866
0 0.649515 0.400531 0.016343 0.023965
0 0.634344 0.447298 0.040462 0.048521
0 0.552242 0.328340 0.056023 0.061966
0 0.538999 0.357282 0.032669 0.029818
0 0.549904 0.387087 0.019456 0.030980
0 0.549319 0.424206 0.024514 0.032734
0 0.615466 0.373113 0.029956 0.052013
0 0.605936 0.366396 0.031908 0.054945
0 0.585122 0.421919 0.033862 0.021030
0 0.681030 0.494061 0.019465 0.035644
0 0.592122 0.438287 0.017509 0.023370
0 0.499121 0.467167 0.018294 0.026305
0 0.583173 0.482073 0.041635 0.090017
0 0.353450 0.450069 0.017659 0.027506
0 0.363426 0.433121 0.019960 0.059458
0 0.401533 0.472426 0.036644 0.036867
0 0.430977 0.472186 0.042526 0.028502
0 0.368494 0.540493 0.030757 0.039301
0 0.385345 0.539506 0.040235 0.037343
0 0.431962 0.514207 0.077205 0.069273
0 0.424271 0.528696 0.043506 0.053070
0 0.424599 0.520834 0.048739 0.039312
0 0.443080 0.519851 0.015702 0.029482
0 0.464996 0.494298 0.013083 0.020639
0 0.466141 0.506830 0.011450 0.035873
0 0.479553 0.549334 0.023878 0.054053
0 0.480370 0.528205 0.016356 0.042258
0 0.503926 0.519360 0.018981 0.026534
0 0.495908 0.535822 0.016028 0.028009
0 0.530417 0.516165 0.023550 0.039802
0 0.533846 0.530414 0.022568 0.048643
0 0.457029 0.638214 0.037848 0.051759
