0 0.566752 0.334639 0.014476 0.019983
0 0.539566 0.247653 0.020356 0.024683
0 0.519024 0.296735 0.009789 0.027610
0 0.488893 0.268224 0.007441 0.012930
0 0.540342 0.323476 0.012520 0.017640
0 0.577511 0.386947 0.017999 0.019983
0 0.566556 0.401934 0.019564 0.031148
0 0.506305 0.398995 0.014883 0.033508
0 0.574771 0.485980 0.016441 0.028800
0 0.541910 0.469818 0.016437 0.012930
0 0.472456 0.445140 0.022306 0.029378
0 0.486354 0.456886 0.016441 0.032919
0 0.508065 0.475990 0.014479 0.022921
0 0.488112 0.492744 0.013695 0.035273
0 0.491047 0.493621 0.021904 0.024097
0 0.498676 0.521834 0.030911 0.025275
0 0.409272 0.435140 0.011734 0.032913
0 0.404970 0.469817 0.013301 0.031737
0 0.392056 0.507146 0.010169 0.019408
0 0.407709 0.507727 0.023475 0.018219
0 0.436660 0.516836 0.017993 0.027037
0 0.461116 0.510672 0.026228 0.041718
0 0.337672 0.403110 0.024252 0.038202
0 0.359582 0.467467 0.017221 0.022335
0 0.327303 0.471878 0.016032 0.022930
0 0.346282 0.480396 0.015651 0.028210
0 0.306175 0.486269 0.019945 0.016448
0 0.328679 0.483347 0.033642 0.042338
0 0.275859 0.397814 0.025042 0.033513
0 0.260209 0.420449 0.015652 0.021162
0 0.221078 0.466286 0.018768 0.038794
0 0.245541 0.476005 0.023875 0.029983
0 0.256039 0.504967 0.018823 0.026685
0 0.210735 0.504188 0.008369 0.030363
0 0.216310 0.497382 0.012546 0.016751
0 0.220824 0.531408 0.014668 0.018846
0 0.229665 0.539766 0.011785 0.037803
0 0.235872 0.540245 0.021657 0.011966
0 0.233804 0.545987 0.021343 0.062690
0 0.301796 0.583259 0.019355 0.047305
0 0.394685 0.566564 0.013563 0.021289
0 0.358614 0.588919 0.011719 0.025867
0 0.358411 0.581344 0.020891 0.030308
0 0.343329 0.574531 0.016406 0.024336
0 0.340630 0.579046 0.017934 0.034595
0 0.353558 0.603535 0.028734 0.026630
0 0.337619 0.615558 0.014168 0.018224
0 0.339401 0.625044 0.026298 0.012704
0 0.323915 0.638974 0.013240 0.020972
0 0.322031 0.649996 0.012133 0.024953
0 0.332423 0.640127 0.022104 0.028172
0 0.200515 0.594559 0.028669 0.025843
0 0.291300 0.519902 0.016556 0.026809
0 0.231735 0.592888 0.015929 0.036856
0 0.215966 0.615855 0.022617 0.016748
0 0.267096 0.564409 0.016560 0.025845
0 0.271711 0.589291 0.025163 0.043059
0 0.187167 0.683329 0.024210 0.020578
0 0.210581 0.677346 0.022617 0.015314
0 0.218646 0.654583 0.022568 0.017729
0 0.235837 0.631849 0.017953 0.016947
0 0.277658 0.620284 0.020524 0.033915
0 0.258346 0.623973 0.027003 0.025259
0 0.257480 0.608201 0.012430 0.019760
0 0.291718 0.645709 0.014265 0.020664
0 0.305767 0.561138 0.010387 0.018367
0 0.320133 0.573224 0.028132 0.023871
0 0.356729 0.644255 0.011006 0.014083
0 0.376239 0.524306 0.010330 0.014064
0 0.348960 0.513393 0.042293 0.030069
0 0.313450 0.534733 0.038422 0.040738
0 0.321846 0.533768 0.011954 0.036869
0 0.344601 0.528186 0.024536 0.021823
0 0.334594 0.534005 0.010332 0.016005
0 0.342988 0.549039 0.014850 0.021823
0 0.356389 0.552190 0.028094 0.044617
0 0.416596 0.585900 0.010979 0.035413
0 0.343473 0.659610 0.010011 0.035405
0 0.347830 0.665431 0.013559 0.017943
0 0.332977 0.689437 0.018732 0.038797
0 0.264858 0.680705 0.014199 0.020363
0 0.249042 0.721927 0.024536 0.019400
0 0.215953 0.737450 0.015821 0.018436
0 0.222408 0.738659 0.018402 0.021823
0 0.235970 0.757093 0.020986 0.042203
0 0.245815 0.792733 0.016787 0.027156
0 0.308440 0.727753 0.015488 0.044604
0 0.285195 0.671735 0.008385 0.011156
0 0.287457 0.748605 0.014199 0.021346
0 0.280840 0.732353 0.015823 0.015030
0 0.277282 0.710765 0.017100 0.020374
0 0.278418 0.699372 0.016147 0.070330
0 0.258402 0.837350 0.012918 0.025218
0 0.334267 0.780372 0.027771 0.021812
0 0.330883 0.819405 0.019685 0.022307
0 0.323135 0.846564 0.019052 0.021338
0 0.326842 0.878086 0.024542 0.045589
0 0.292247 0.852625 0.024450 0.026671
0 0.295900 0.869792 0.033779 0.028907
0 0.363462 0.733294 0.014974 0.019270
0 0.447695 0.622817 0.025229 0.028265
0 0.395530 0.678376 0.015821 0.021195
0 0.408571 0.663922 0.034206 0.041110
0 0.391468 0.718844 0.033339 0.028904
0 0.394033 0.714668 0.019668 0.019270
0 0.420546 0.696039 0.015396 0.050102
0 0.426102 0.705354 0.022234 0.028907
0 0.424392 0.708567 0.027366 0.017343
0 0.482759 0.704387 0.015823 0.028268
0 0.504353 0.645618 0.011125 0.021192
0 0.480802 0.601400 0.024173 0.019915
0 0.488767 0.606816 0.015940 0.027723
0 0.484991 0.624467 0.015106 0.017145
0 0.488100 0.626733 0.016285 0.019661
0 0.461589 0.651072 0.010253 0.032106
0 0.480836 0.659748 0.022236 0.025052
0 0.466294 0.717237 0.023094 0.033400
0 0.489360 0.574931 0.022819 0.022935
0 0.486170 0.579597 0.018455 0.013103
0 0.493300 0.588795 0.024668 0.018907
0 0.500297 0.601868 0.011815 0.031357
0 0.489014 0.587372 0.014872 0.022938
0 0.495134 0.595479 0.020007 0.025705
0 0.494938 0.594588 0.015663 0.034204
0 0.411950 0.820127 0.034897 0.039317
0 0.382073 0.909619 0.016785 0.026726
0 0.395832 0.910125 0.022815 0.015631
0 0.454573 0.911890 0.026851 0.019160
0 0.529598 0.875585 0.017121 0.024204
0 0.425953 0.742935 0.020784 0.028932
0 0.440478 0.754873 0.015598 0.036289
0 0.459742 0.766580 0.017430 0.020198
0 0.489545 0.738111 0.017128 0.037660
0 0.479765 0.777606 0.015286 0.027552
0 0.512021 0.767964 0.019874 0.031231
0 0.515078 0.828816 0.016813 0.022506
0 0.460348 0.828131 0.022925 0.031239
0 0.471968 0.829280 0.019260 0.023433
0 0.477315 0.852240 0.025062 0.042712
0 0.551310 0.760617 0.017724 0.023877
0 0.593496 0.790197 0.011615 0.027090
0 0.591358 0.720891 0.020180 0.033521
0 0.611837 0.719968 0.016501 0.028015
0 0.631102 0.708254 0.015284 0.021134
0 0.637830 0.657504 0.012830 0.026187
0 0.601290 0.598031 0.020477 0.018365
0 0.534950 0.509624 0.030266 0.035366
0 0.569043 0.542459 0.008578 0.020204
0 0.576529 0.557617 0.017427 0.011941
0 0.590439 0.545213 0.017729 0.020218
0 0.591820 0.570478 0.018046 0.022965
0 0.601897 0.575990 0.009476 0.022965
