0 0.560917 0.467651 0.020467 0.033199
0 0.518063 0.281096 0.015865 0.020347
0 0.420157 0.340681 0.025926 0.034882
0 0.658647 0.424408 0.013607 0.016602
0 0.670216 0.419262 0.007441 0.023056
0 0.659580 0.440048 0.013611 0.018164
0 0.664863 0.430183 0.013713 0.013808
0 0.665972 0.438126 0.012209 0.022360
0 0.598183 0.441534 0.016164 0.031267
0 0.535278 0.475942 0.026860 0.041746
0 0.548878 0.461622 0.011738 0.021481
0 0.339870 0.185476 0.011939 0.017539
0 0.388478 0.196896 0.021725 0.033852
0 0.427171 0.178135 0.014940 0.024882
0 0.441697 0.194251 0.017925 0.023667
0 0.435720 0.205458 0.014117 0.019975
0 0.443327 0.223607 0.026617 0.013855
0 0.345440 0.287448 0.014934 0.016724
0 0.321953 0.234054 0.011948 0.014683
0 0.293174 0.211418 0.016840 0.045275
0 0.271585 0.265463 0.018193 0.022841
0 0.279599 0.308290 0.017929 0.016316
0 0.499261 0.207539 0.011411 0.020385
0 0.483370 0.181846 0.011670 0.023659
0 0.514326 0.174913 0.021450 0.014683
0 0.549304 0.212031 0.013746 0.021209
0 0.563141 0.242149 0.029401 0.027321
0 0.589653 0.244765 0.012769 0.020928
0 0.598940 0.251450 0.017414 0.019182
0 0.400423 0.304639 0.015092 0.019763
0 0.522515 0.309290 0.017031 0.041856
0 0.385718 0.406660 0.011996 0.020347
0 0.316647 0.386896 0.032513 0.031974
0 0.326899 0.374689 0.025931 0.030809
0 0.344510 0.373815 0.022454 0.030229
0 0.346249 0.402300 0.013550 0.038367
0 0.349536 0.419163 0.029410 0.044163
0 0.361145 0.405500 0.027088 0.016864
0 0.405260 0.421777 0.016239 0.014540
0 0.421124 0.392121 0.022452 0.031985
0 0.453827 0.364317 0.018043 0.022467
0 0.484751 0.351871 0.024010 0.039975
0 0.580612 0.356020 0.026276 0.036550
0 0.619868 0.336523 0.015249 0.024862
0 0.628141 0.324100 0.022713 0.029240
0 0.619056 0.410114 0.018816 0.026803
0 0.629764 0.432771 0.012980 0.022426
0 0.617111 0.464931 0.017522 0.029224
0 0.615809 0.476629 0.018162 0.019485
0 0.552196 0.505723 0.016976 0.011528
0 0.403890 0.674221 0.021435 0.028706
0 0.272885 0.643216 0.007350 0.024471
0 0.268536 0.628585 0.014822 0.026861
0 0.302407 0.655822 0.020579 0.018037
0 0.298486 0.694555 0.018130 0.022266
0 0.344364 0.658857 0.019960 0.024102
0 0.369777 0.668058 0.022538 0.046925
0 0.244736 0.399770 0.022577 0.024667
0 0.225648 0.399770 0.014778 0.024667
0 0.204095 0.450953 0.032425 0.034532
0 0.212099 0.482094 0.027086 0.035151
0 0.205945 0.480549 0.012315 0.014799
0 0.224622 0.483325 0.017650 0.017883
0 0.223395 0.493850 0.015196 0.012866
0 0.221335 0.503695 0.017630 0.015187
0 0.463951 0.394711 0.013884 0.015336
0 0.501519 0.400845 0.013884 0.016564
0 0.535007 0.418022 0.011437 0.034964
0 0.506824 0.423235 0.026125 0.030672
0 0.453537 0.444705 0.018376 0.024537
0 0.337725 0.479361 0.017144 0.027610
0 0.382854 0.470469 0.029820 0.014722
0 0.463909 0.423542 0.016334 0.033736
0 0.475548 0.406059 0.018376 0.026991
0 0.208975 0.563966 0.009837 0.027332
0 0.221267 0.552148 0.015735 0.021421
0 0.241920 0.560642 0.024588 0.041366
0 0.247083 0.588343 0.015244 0.021421
0 0.325319 0.555767 0.017210 0.021423
0 0.359985 0.533605 0.024586 0.037673
0 0.369084 0.563154 0.028033 0.039149
0 0.427105 0.518833 0.024089 0.025854
0 0.456121 0.524009 0.015244 0.031773
0 0.470135 0.544686 0.019668 0.021421
0 0.451694 0.590854 0.021146 0.020683
0 0.478005 0.569064 0.017707 0.019945
0 0.436699 0.560569 0.019674 0.016253
0 0.298520 0.612646 0.018686 0.019945
0 0.321139 0.636653 0.008851 0.036936
0 0.267067 0.628036 0.021681 0.012514
0 0.269275 0.637508 0.022667 0.041041
0 0.409338 0.658860 0.019117 0.013425
0 0.426121 0.650299 0.010772 0.027596
0 0.399234 0.711385 0.014828 0.024642
0 0.378168 0.703111 0.020702 0.032015
0 0.356360 0.717463 0.007955 0.034226
0 0.368309 0.720044 0.023279 0.040859
0 0.376889 0.702076 0.009063 0.017665
0 0.379282 0.717916 0.024795 0.023199
0 0.362941 0.732309 0.018832 0.022486
0 0.347011 0.748261 0.020128 0.026825
0 0.430627 0.737874 0.021884 0.024912
0 0.440359 0.636564 0.006268 0.025881
0 0.450016 0.643206 0.008840 0.039661
0 0.525750 0.619392 0.014164 0.021035
0 0.513114 0.592552 0.017540 0.039895
0 0.519230 0.591834 0.014326 0.022500
0 0.534361 0.654816 0.014646 0.024180
0 0.566142 0.621567 0.022518 0.031680
0 0.565587 0.613710 0.013680 0.024177
0 0.551584 0.523165 0.013358 0.035553
0 0.559470 0.517720 0.013680 0.018860
0 0.560226 0.540636 0.023352 0.030138
0 0.501677 0.490187 0.022702 0.027517
0 0.498067 0.493626 0.015918 0.018673
0 0.509633 0.512629 0.013321 0.024576
0 0.507335 0.514920 0.020062 0.023915
0 0.540806 0.565363 0.022018 0.033095
0 0.581911 0.561763 0.024412 0.014083
0 0.587692 0.542112 0.035539 0.067814
0 0.654006 0.600820 0.015009 0.020292
0 0.663261 0.560803 0.020011 0.030438
0 0.665138 0.579215 0.014254 0.025176
0 0.617790 0.557835 0.019846 0.063224
0 0.481497 0.453214 0.018349 0.032778
0 0.494973 0.452846 0.019511 0.022106
0 0.498942 0.458062 0.010251 0.027076
0 0.503985 0.462905 0.012731 0.016889
0 0.500029 0.708700 0.019993 0.033866
0 0.498514 0.710582 0.011098 0.020697
0 0.480148 0.686437 0.034830 0.034493
0 0.483015 0.685574 0.019135 0.017822
0 0.297214 0.732715 0.016459 0.025870
0 0.450872 0.725242 0.017610 0.031619
0 0.456803 0.768647 0.030236 0.037943
0 0.461584 0.759449 0.024492 0.017247
0 0.402075 0.838495 0.017221 0.022420
0 0.457944 0.821824 0.017212 0.023571
0 0.465987 0.822686 0.017989 0.019546
0 0.494688 0.814926 0.018752 0.020121
0 0.541951 0.750540 0.019899 0.027015
0 0.543862 0.799116 0.012240 0.021845
0 0.561855 0.676659 0.013021 0.018406
0 0.594951 0.715182 0.027181 0.014945
0 0.573332 0.782156 0.025257 0.015523
0 0.625115 0.519280 0.012254 0.019540
0 0.627615 0.520407 0.014260 0.020292
0 0.663765 0.503875 0.023021 0.034568
0 0.670138 0.487145 0.012253 0.027417
0 0.632873 0.611154 0.015266 0.025176
0 0.600599 0.674664 0.020759 0.034185
0 0.645122 0.637646 0.013752 0.031564
