0 0.309338 0.367848 0.019263 0.026748
0 0.347620 0.329018 0.014386 0.022343
0 0.332865 0.333230 0.014622 0.021977
0 0.317019 0.320960 0.036574 0.023808
0 0.297635 0.438908 0.026578 0.082426
0 0.334090 0.418756 0.027311 0.027467
0 0.345063 0.407768 0.029265 0.047255
0 0.383585 0.344404 0.026822 0.052382
0 0.450151 0.392203 0.020970 0.038827
0 0.421499 0.415830 0.015359 0.033334
0 0.415175 0.379568 0.032407 0.049455
0 0.356275 0.443304 0.020478 0.032610
0 0.373589 0.439813 0.023424 0.051267
0 0.373709 0.463808 0.019261 0.041382
0 0.285932 0.494581 0.019261 0.016476
0 0.296903 0.505198 0.023165 0.018678
0 0.312141 0.486344 0.031694 0.028579
0 0.305459 0.514546 0.033400 0.037373
0 0.328870 0.505933 0.027066 0.035529
0 0.377850 0.509416 0.035356 0.035903
0 0.283009 0.582848 0.025108 0.022354
0 0.358861 0.574246 0.012436 0.019047
0 0.361056 0.585600 0.025601 0.035898
0 0.375661 0.570033 0.026578 0.014284
0 0.400306 0.545127 0.011448 0.016465
0 0.429572 0.518571 0.012436 0.041024
0 0.439545 0.576077 0.015849 0.039559
0 0.417234 0.560876 0.019505 0.032599
0 0.421257 0.563990 0.040718 0.044686
0 0.595623 0.350463 0.023732 0.024730
0 0.432605 0.671297 0.021083 0.028001
0 0.546433 0.583618 0.019560 0.027093
0 0.533905 0.621722 0.029943 0.039017
0 0.521370 0.675653 0.027495 0.037627
0 0.514652 0.648119 0.030557 0.038563
0 0.438719 0.747954 0.029637 0.047285
0 0.492334 0.521499 0.019995 0.030768
0 0.523322 0.524436 0.015599 0.024917
0 0.531593 0.548605 0.029263 0.027106
0 0.569019 0.523698 0.021213 0.029301
0 0.352698 0.646969 0.017724 0.025248
0 0.378668 0.641919 0.018325 0.024328
0 0.393186 0.625394 0.024140 0.040854
0 0.421301 0.674051 0.032082 0.051869
0 0.539855 0.758974 0.020473 0.057382
0 0.494789 0.733497 0.033614 0.051410
0 0.483946 0.710544 0.037577 0.070691
0 0.492955 0.691955 0.020779 0.030754
0 0.488372 0.716971 0.031169 0.026624
0 0.450782 0.880390 0.030548 0.033053
0 0.492650 0.864551 0.015279 0.028001
0 0.560027 0.801896 0.034527 0.022035
0 0.572405 0.818647 0.031169 0.039937
0 0.606022 0.811762 0.025676 0.034427
0 0.589975 0.711923 0.029030 0.044986
0 0.621600 0.757365 0.021389 0.039477
0 0.650479 0.717895 0.021695 0.033037
0 0.689129 0.655460 0.037900 0.038563
0 0.672025 0.679796 0.016507 0.043161
0 0.685009 0.696315 0.013750 0.038560
0 0.722443 0.600138 0.019556 0.032599
0 0.672163 0.582695 0.016232 0.024312
0 0.641311 0.537949 0.029030 0.028458
0 0.410561 0.211642 0.015587 0.023945
0 0.480699 0.235062 0.013158 0.020812
0 0.524687 0.372938 0.033246 0.034339
0 0.559666 0.321429 0.017317 0.032258
0 0.567028 0.352387 0.039661 0.029659
0 0.537962 0.306082 0.036481 0.054631
0 0.611444 0.357529 0.023303 0.044001
0 0.618495 0.358493 0.021587 0.033081
0 0.603967 0.416776 0.037736 0.038155
0 0.671693 0.361395 0.028572 0.033378
0 0.690393 0.312651 0.021523 0.038684
0 0.687745 0.386039 0.019049 0.024375
0 0.757981 0.452544 0.019049 0.024906
0 0.704188 0.478512 0.029271 0.048224
0 0.768008 0.466316 0.017284 0.060936
0 0.614388 0.488450 0.016899 0.055149
0 0.629683 0.485966 0.026924 0.031646
0 0.631347 0.449714 0.016642 0.025446
0 0.657058 0.460655 0.032401 0.042841
0 0.657650 0.471370 0.021092 0.040190
0 0.646651 0.570018 0.027042 0.033918
0 0.669237 0.547032 0.027044 0.045088
0 0.679787 0.511545 0.042199 0.034818
