0 0.342946 0.563852 0.018697 0.018676
0 0.362209 0.571502 0.022090 0.014447
0 0.424762 0.567681 0.038505 0.022068
0 0.530341 0.574469 0.012996 0.009345
0 0.522125 0.588688 0.020367 0.041176
0 0.459292 0.597608 0.024907 0.016560
0 0.575063 0.606566 0.025476 0.026749
0 0.604218 0.607205 0.016981 0.013586
0 0.614684 0.642659 0.022093 0.019097
0 0.597419 0.637566 0.016994 0.016550
0 0.551566 0.629704 0.021518 0.017840
0 0.634221 0.635015 0.015850 0.014013
0 0.716592 0.619942 0.017550 0.009343
0 0.719135 0.622070 0.023786 0.022066
0 0.737540 0.625248 0.015284 0.010615
0 0.732161 0.669406 0.014719 0.010613
0 0.560909 0.694882 0.032269 0.004670
0 0.575341 0.693822 0.020390 0.028021
0 0.537419 0.657731 0.024904 0.014435
0 0.375509 0.614634 0.023770 0.018256
0 0.626579 0.710585 0.026604 0.014871
0 0.655098 0.601975 0.021968 0.007488
0 0.624544 0.496235 0.023962 0.020670
0 0.619345 0.493689 0.011971 0.011381
0 0.709415 0.596884 0.027560 0.018872
0 0.339777 0.276219 0.022364 0.016178
0 0.271281 0.261993 0.024362 0.013480
0 0.292847 0.242970 0.013975 0.008986
0 0.407672 0.230389 0.011177 0.009588
0 0.458198 0.201634 0.012381 0.013780
0 0.446215 0.228294 0.016372 0.010784
0 0.433634 0.237579 0.019967 0.012579
0 0.437824 0.250909 0.013968 0.008088
0 0.235336 0.239077 0.017973 0.013780
0 0.190772 0.373967 0.011644 0.013103
0 0.196599 0.377898 0.011650 0.011357
0 0.401883 0.290299 0.021968 0.014978
0 0.513122 0.274426 0.020754 0.014973
0 0.469372 0.259895 0.014762 0.006892
0 0.434633 0.285806 0.011581 0.007788
0 0.471181 0.293896 0.014385 0.007783
0 0.360546 0.334782 0.011984 0.009886
0 0.538677 0.239370 0.027950 0.008998
0 0.431238 0.295541 0.012781 0.010486
0 0.437229 0.303628 0.021567 0.012882
0 0.442016 0.307529 0.027146 0.013470
0 0.216404 0.273503 0.017464 0.025776
0 0.206491 0.302553 0.015126 0.015727
0 0.185241 0.306484 0.028538 0.019219
0 0.168061 0.328322 0.015142 0.012230
0 0.159914 0.337934 0.015132 0.012227
0 0.118851 0.365232 0.015724 0.012666
0 0.133996 0.349065 0.014554 0.010928
0 0.146219 0.339895 0.013403 0.010042
0 0.147970 0.342300 0.014557 0.005241
0 0.144190 0.350376 0.025615 0.024908
0 0.103418 0.369599 0.016306 0.010047
0 0.080995 0.390129 0.012229 0.009172
0 0.109241 0.389255 0.018634 0.016163
0 0.113032 0.386851 0.030880 0.017468
0 0.108368 0.390129 0.013396 0.008299
0 0.087983 0.392968 0.019220 0.008738
0 0.090023 0.394933 0.018638 0.010918
0 0.083317 0.402147 0.011078 0.017483
0 0.589191 0.301385 0.009997 0.014973
0 0.340989 0.306027 0.015179 0.009276
0 0.485947 0.331336 0.011968 0.008986
0 0.540673 0.321901 0.012781 0.018872
0 0.550056 0.330738 0.008386 0.011982
0 0.628937 0.251657 0.023965 0.018571
0 0.643714 0.264239 0.017573 0.011384
0 0.647108 0.262147 0.015579 0.008395
0 0.530081 0.379253 0.015565 0.007168
0 0.530886 0.368331 0.014775 0.012282
0 0.578014 0.359043 0.009983 0.011081
0 0.578813 0.348110 0.012381 0.008388
0 0.585804 0.333434 0.018373 0.022765
0 0.608965 0.334332 0.031144 0.014978
0 0.644714 0.327293 0.020367 0.015875
0 0.663684 0.334182 0.018373 0.009286
0 0.675666 0.301531 0.017576 0.022468
0 0.676665 0.331337 0.010784 0.010184
0 0.681657 0.324597 0.011184 0.010484
0 0.497545 0.418054 0.020751 0.011684
0 0.673661 0.383006 0.017560 0.009881
0 0.693839 0.363537 0.020370 0.012282
0 0.716605 0.359643 0.010784 0.015278
0 0.730184 0.354551 0.008390 0.015278
0 0.729185 0.378065 0.017576 0.008388
0 0.663094 0.455347 0.018786 0.011984
0 0.784901 0.380911 0.009987 0.014080
0 0.664084 0.477215 0.011984 0.010784
0 0.759540 0.409514 0.015179 0.026964
0 0.749752 0.428844 0.023578 0.015278
0 0.739772 0.485304 0.018763 0.011977
0 0.763533 0.482308 0.016776 0.011982
0 0.815255 0.465232 0.017176 0.017374
0 0.764529 0.505076 0.013185 0.013772
0 0.772520 0.553000 0.016376 0.009586
0 0.750152 0.556295 0.009187 0.016776
0 0.684053 0.550306 0.012781 0.026952
0 0.674868 0.521997 0.019967 0.010486
0 0.712609 0.548357 0.019570 0.012879
0 0.648304 0.534132 0.014769 0.025754
0 0.635327 0.554947 0.016772 0.010484
0 0.184659 0.405415 0.029702 0.010484
0 0.047508 0.382703 0.012814 0.015724
0 0.020711 0.376152 0.015126 0.012230
0 0.114773 0.418519 0.019216 0.016597
0 0.092940 0.422237 0.012798 0.015298
0 0.109823 0.433371 0.020962 0.010491
0 0.079249 0.426600 0.011065 0.015288
0 0.317156 0.368292 0.032619 0.008743
0 0.290071 0.375060 0.014560 0.010045
0 0.235332 0.400618 0.019210 0.008725
0 0.323292 0.339914 0.026346 0.010732
0 0.139785 0.434603 0.014325 0.010308
0 0.378934 0.364604 0.014382 0.010786
0 0.367040 0.439118 0.014934 0.021158
0 0.431136 0.433258 0.014792 0.008485
0 0.362682 0.413679 0.015377 0.011094
0 0.279292 0.466541 0.060899 0.020236
0 0.312350 0.452842 0.036544 0.017629
0 0.277979 0.428364 0.014795 0.030022
0 0.299735 0.501787 0.014795 0.013708
0 0.299740 0.509291 0.014805 0.010437
0 0.287118 0.503414 0.013925 0.014368
0 0.612561 0.526040 0.011981 0.026957
0 0.412427 0.478947 0.017407 0.017617
0 0.459848 0.433586 0.018267 0.015665
0 0.447234 0.426406 0.008700 0.007832
0 0.328016 0.487102 0.024365 0.019581
0 0.237080 0.514514 0.033935 0.027411
0 0.196610 0.501137 0.031316 0.029373
0 0.112293 0.507334 0.017404 0.018274
0 0.045723 0.496892 0.021756 0.016969
0 0.021789 0.536373 0.017401 0.011084
0 0.119691 0.543557 0.025235 0.020233
0 0.195397 0.541925 0.018274 0.018274
0 0.520853 0.442722 0.016534 0.011749
0 0.526946 0.447618 0.013052 0.009789
0 0.202794 0.629381 0.036548 0.023495
0 0.187287 0.373534 0.018621 0.019211
0 0.218146 0.360645 0.012814 0.010481
0 0.209993 0.367196 0.016310 0.011357
0 0.217558 0.358243 0.023284 0.017909
0 0.149717 0.396680 0.014560 0.010920
0 0.149130 0.406510 0.022705 0.016592
0 0.396736 0.498891 0.022077 0.017832
0 0.428160 0.497623 0.021524 0.011897
0 0.472884 0.451125 0.026058 0.013162
0 0.513356 0.526065 0.043591 0.017835
0 0.513350 0.498042 0.009636 0.022929
0 0.507693 0.538380 0.010757 0.016989
0 0.489861 0.550098 0.028307 0.008916
0 0.458442 0.552433 0.026607 0.016984
0 0.574780 0.546698 0.024911 0.012309
0 0.575911 0.551158 0.013588 0.009340
0 0.573930 0.557734 0.017550 0.006357
0 0.579299 0.512091 0.020370 0.010193
0 0.553267 0.568093 0.016984 0.016146
0 0.506563 0.564066 0.013019 0.009764
