0 0.803565 0.542040 0.015860 0.014139
0 0.798429 0.556179 0.016700 0.021833
0 0.799719 0.576248 0.011561 0.015094
0 0.899491 0.530320 0.017566 0.015104
0 0.880868 0.459985 0.017986 0.012525
0 0.892002 0.464322 0.031690 0.018628
0 0.875083 0.464158 0.035549 0.022810
0 0.745336 0.503669 0.032973 0.008038
0 0.330531 0.361727 0.020453 0.014625
0 0.351212 0.367253 0.019005 0.014268
0 0.295119 0.341057 0.019947 0.016756
0 0.318188 0.290439 0.022354 0.008209
0 0.310104 0.308793 0.018548 0.042780
0 0.382521 0.343594 0.019911 0.011563
0 0.405967 0.349856 0.016703 0.010600
0 0.384063 0.300717 0.011564 0.011562
0 0.402427 0.264826 0.035344 0.012044
0 0.392159 0.243630 0.013485 0.011079
0 0.813829 0.649065 0.024716 0.008557
0 0.805274 0.661422 0.021548 0.013311
0 0.803008 0.673674 0.023740 0.010880
0 0.800370 0.664521 0.029021 0.040055
0 0.866306 0.476687 0.032546 0.018948
0 0.863102 0.451796 0.035529 0.026334
0 0.700579 0.476048 0.012864 0.011892
0 0.697803 0.462716 0.014130 0.010278
0 0.734208 0.477974 0.020142 0.018299
0 0.749405 0.459824 0.011991 0.012847
0 0.315807 0.396844 0.023280 0.016406
0 0.240937 0.430180 0.013310 0.011763
0 0.226442 0.414317 0.010933 0.009268
0 0.346710 0.448005 0.009028 0.017468
0 0.729926 0.498524 0.010718 0.015104
0 0.304150 0.456739 0.013327 0.019965
0 0.224306 0.468141 0.012368 0.015697
0 0.220023 0.486864 0.024716 0.017468
0 0.197201 0.494883 0.018079 0.014261
0 0.178671 0.554241 0.013294 0.013904
0 0.201245 0.551210 0.016644 0.014975
0 0.205289 0.541942 0.022814 0.029945
0 0.242601 0.546576 0.016637 0.017111
0 0.268507 0.541233 0.021868 0.017832
0 0.254724 0.591316 0.018065 0.016758
0 0.338380 0.575095 0.021865 0.017825
0 0.359527 0.543896 0.032811 0.020332
0 0.377358 0.552638 0.026620 0.017825
0 0.352641 0.616093 0.014263 0.007845
0 0.329110 0.603615 0.014735 0.014973
0 0.253765 0.619301 0.029487 0.020675
0 0.251396 0.619123 0.015212 0.009625
0 0.421329 0.699871 0.038492 0.009266
0 0.427743 0.716982 0.026617 0.012832
0 0.442244 0.758873 0.021399 0.013182
0 0.472424 0.764752 0.015212 0.009980
0 0.489778 0.754950 0.025205 0.008204
0 0.396607 0.493279 0.028995 0.007490
0 0.545623 0.466367 0.027569 0.011414
0 0.517103 0.435712 0.019960 0.013537
0 0.472421 0.424828 0.030423 0.036014
0 0.419661 0.450501 0.045632 0.013904
0 0.389005 0.452108 0.027083 0.021379
0 0.367857 0.420554 0.036111 0.028162
0 0.368325 0.413957 0.019964 0.017820
0 0.380446 0.417881 0.029947 0.033509
0 0.392330 0.428575 0.037550 0.034224
0 0.721357 0.567259 0.026974 0.018299
0 0.711511 0.536899 0.038102 0.031486
0 0.695868 0.557781 0.019712 0.014774
0 0.674678 0.476851 0.010704 0.010285
0 0.684314 0.495956 0.024838 0.008028
0 0.691379 0.502383 0.044960 0.009320
0 0.641705 0.486643 0.032973 0.011882
0 0.624153 0.504146 0.017566 0.011565
0 0.450718 0.561796 0.023552 0.010600
0 0.515805 0.544131 0.026981 0.018306
0 0.509383 0.479738 0.015843 0.013490
0 0.796415 0.631138 0.030331 0.024727
0 0.793773 0.631634 0.038247 0.013849
0 0.782894 0.636581 0.023082 0.024730
0 0.756910 0.624710 0.014507 0.013849
0 0.756576 0.622984 0.029686 0.018289
0 0.773401 0.612597 0.018476 0.016314
0 0.695843 0.652655 0.017804 0.012364
0 0.688590 0.645976 0.021763 0.011868
0 0.697161 0.659085 0.020446 0.012366
0 0.683967 0.673176 0.045513 0.030672
0 0.661553 0.688760 0.012530 0.011374
0 0.671766 0.689007 0.022434 0.010880
0 0.734752 0.667493 0.019127 0.015332
0 0.655286 0.715222 0.026379 0.010880
0 0.686610 0.737478 0.017804 0.015828
0 0.552740 0.748115 0.024401 0.014335
0 0.638537 0.660079 0.034950 0.011389
0 0.626996 0.654385 0.014507 0.006925
0 0.628313 0.654386 0.018466 0.021763
0 0.682984 0.628419 0.043522 0.014343
0 0.675400 0.617785 0.017804 0.010883
0 0.692560 0.608636 0.021759 0.019291
0 0.634514 0.632624 0.032315 0.023740
0 0.638471 0.599732 0.019124 0.013353
0 0.628254 0.683073 0.035622 0.034623
0 0.579448 0.713490 0.025060 0.015332
0 0.538231 0.693211 0.046819 0.035117
0 0.430805 0.589098 0.024401 0.021763
0 0.424869 0.594540 0.024401 0.022750
0 0.478945 0.611111 0.050774 0.014335
0 0.574897 0.619022 0.018466 0.023247
0 0.564683 0.605672 0.019114 0.019281
0 0.546875 0.605420 0.037599 0.028688
0 0.599633 0.597008 0.024411 0.014849
0 0.570941 0.572530 0.019785 0.013353
0 0.579514 0.561401 0.015827 0.012857
0 0.597320 0.576734 0.018462 0.016815
0 0.487123 0.644494 0.018466 0.021761
0 0.483548 0.641283 0.033036 0.029998
0 0.543857 0.515868 0.011134 0.012525
0 0.541295 0.507676 0.017146 0.010293
0 0.512601 0.525988 0.037695 0.013485
0 0.487331 0.525022 0.020556 0.008993
0 0.425451 0.520847 0.031260 0.023123
0 0.437447 0.507197 0.017566 0.011240
0 0.673752 0.613087 0.017146 0.016322
0 0.865451 0.380497 0.011134 0.009635
0 0.850465 0.378409 0.016273 0.018951
0 0.825843 0.383864 0.016700 0.016389
0 0.801217 0.397357 0.012844 0.013167
0 0.800794 0.422571 0.022288 0.024407
0 0.816419 0.409400 0.029530 0.014137
0 0.537376 0.243043 0.022272 0.027555
0 0.557417 0.233229 0.011131 0.012937
0 0.558234 0.274560 0.013889 0.016282
0 0.640079 0.239484 0.032870 0.012103
0 0.628948 0.267462 0.025026 0.027974
0 0.698813 0.249301 0.015589 0.010020
0 0.715790 0.246799 0.049570 0.030905
0 0.771726 0.267671 0.033399 0.022545
0 0.802085 0.285938 0.011703 0.013795
0 0.762460 0.329588 0.030410 0.020883
0 0.718365 0.294587 0.014970 0.020226
0 0.611936 0.320438 0.011974 0.016059
0 0.575552 0.327504 0.015430 0.017344
0 0.611301 0.352233 0.030407 0.014774
0 0.632713 0.321080 0.026121 0.013490
0 0.629286 0.299882 0.020126 0.014769
0 0.662474 0.311606 0.030833 0.009313
0 0.662692 0.299080 0.024418 0.020878
0 0.608732 0.376321 0.022695 0.016059
0 0.585400 0.425781 0.025694 0.017981
0 0.646207 0.387882 0.025681 0.016696
0 0.672541 0.416146 0.029540 0.013492
0 0.719423 0.416627 0.019686 0.014454
0 0.758833 0.386434 0.011118 0.008681
0 0.749831 0.387241 0.017130 0.006421
0 0.752183 0.441518 0.022685 0.021825
0 0.767811 0.428344 0.024828 0.017354
0 0.787087 0.520686 0.018843 0.008673
0 0.713441 0.549271 0.011147 0.010595
0 0.655402 0.552968 0.022708 0.015409
0 0.729911 0.517955 0.015840 0.013490
0 0.680888 0.530326 0.021412 0.006114
0 0.735268 0.560030 0.008565 0.019271
0 0.790296 0.494346 0.018423 0.020885
