0 0.381443 0.489996 0.019851 0.015409
0 0.347540 0.476120 0.021925 0.008222
0 0.312254 0.461218 0.014388 0.010278
0 0.326978 0.465327 0.017804 0.015427
0 0.252824 0.503521 0.005324 0.003767
0 0.288571 0.486970 0.011481 0.005558
0 0.291703 0.489710 0.012526 0.004306
0 0.286481 0.490365 0.007493 0.003373
0 0.290757 0.496378 0.010351 0.010905
0 0.505175 0.430097 0.027083 0.012178
0 0.503687 0.407392 0.020192 0.005161
0 0.532791 0.475899 0.015265 0.007755
0 0.534507 0.554570 0.015774 0.014402
0 0.484284 0.610155 0.018714 0.011079
0 0.506445 0.550877 0.009848 0.007755
0 0.261490 0.360491 0.009428 0.011597
0 0.477138 0.472385 0.018231 0.008852
0 0.466556 0.496953 0.016743 0.009234
0 0.800132 0.431579 0.015410 0.012264
0 0.457199 0.514680 0.013790 0.019573
0 0.771991 0.600781 0.015410 0.021106
0 0.650785 0.626318 0.018171 0.010905
0 0.444863 0.526963 0.006855 0.006109
0 0.444094 0.540837 0.015582 0.016629
0 0.441143 0.532489 0.008476 0.009571
0 0.443196 0.538105 0.013952 0.009241
0 0.444438 0.532971 0.010443 0.005650
0 0.446963 0.530918 0.008304 0.005908
0 0.571812 0.579333 0.014524 0.013616
0 0.608581 0.602483 0.011806 0.017703
0 0.622196 0.526565 0.013618 0.012937
0 0.689377 0.417284 0.024514 0.010893
0 0.421106 0.752277 0.016353 0.012262
0 0.489201 0.763513 0.018158 0.007483
0 0.675764 0.716190 0.017255 0.009534
0 0.492758 0.253336 0.020172 0.011086
0 0.491414 0.244267 0.016134 0.014120
0 0.243750 0.425692 0.017989 0.012297
0 0.270136 0.504415 0.011964 0.008929
0 0.262927 0.578116 0.026713 0.007721
0 0.553194 0.358734 0.024497 0.019055
