0 0.774421 0.562289 0.013591 0.010590
0 0.743684 0.575750 0.017401 0.017130
0 0.769516 0.573915 0.012510 0.010196
0 0.770332 0.577586 0.021756 0.007750
0 0.628406 0.379679 0.018452 0.008896
0 0.749787 0.373359 0.014646 0.006590
0 0.640618 0.667527 0.016845 0.010600
0 0.658032 0.666911 0.024464 0.014278
0 0.653390 0.683431 0.030456 0.023658
0 0.632474 0.680372 0.022288 0.015908
0 0.619416 0.680781 0.022298 0.016721
0 0.624582 0.678945 0.028277 0.009789
0 0.605822 0.654679 0.032080 0.021610
0 0.622950 0.637545 0.017394 0.008566
0 0.578355 0.608585 0.015228 0.010196
0 0.339871 0.416171 0.043763 0.026091
0 0.321090 0.418485 0.015162 0.009678
0 0.329496 0.441833 0.017391 0.013457
0 0.321644 0.428793 0.012903 0.008415
0 0.324444 0.433632 0.017381 0.013043
0 0.334545 0.417013 0.017391 0.008415
0 0.334264 0.422483 0.011220 0.014306
0 0.539853 0.448356 0.014011 0.020620
0 0.496100 0.493166 0.012894 0.010935
0 0.544349 0.494005 0.019636 0.009256
0 0.562300 0.517145 0.016267 0.016830
0 0.363434 0.603192 0.014587 0.009687
0 0.417002 0.597088 0.015136 0.017679
0 0.419813 0.616228 0.019633 0.011359
0 0.454869 0.582569 0.033647 0.031558
0 0.440289 0.542815 0.019071 0.011771
0 0.420933 0.541753 0.052183 0.024826
0 0.414201 0.554379 0.034223 0.022294
0 0.661558 0.689556 0.022851 0.013041
0 0.490496 0.578361 0.009537 0.020610
0 0.500035 0.570580 0.020764 0.019355
0 0.513490 0.566587 0.008403 0.010506
0 0.517143 0.569317 0.012341 0.008415
0 0.581887 0.625303 0.028819 0.011022
0 0.520437 0.660795 0.024471 0.015092
0 0.158332 0.403646 0.014745 0.017014
0 0.734163 0.534151 0.014676 0.013043
0 0.741513 0.535980 0.010870 0.013457
0 0.709137 0.568198 0.012480 0.011843
0 0.707245 0.579213 0.011964 0.013450
0 0.634916 0.601855 0.013052 0.008973
0 0.651501 0.602467 0.014683 0.011014
0 0.638995 0.621024 0.007070 0.008973
0 0.644160 0.616130 0.018492 0.009789
0 0.668361 0.565350 0.016862 0.012644
0 0.679782 0.574934 0.015774 0.013867
0 0.663461 0.583290 0.016868 0.011024
0 0.669726 0.590231 0.022851 0.017540
0 0.693922 0.586152 0.015774 0.013460
0 0.295838 0.295211 0.010658 0.011359
0 0.142411 0.393447 0.008962 0.015139
0 0.083232 0.419117 0.014018 0.014306
0 0.131472 0.395763 0.026369 0.011352
0 0.125021 0.405863 0.020195 0.012202
0 0.131194 0.408808 0.012341 0.008837
0 0.679778 0.653250 0.033168 0.013048
0 0.477872 0.654094 0.020195 0.018093
0 0.479552 0.668611 0.015698 0.012619
0 0.465248 0.667558 0.016276 0.012200
0 0.465251 0.678285 0.017388 0.012622
0 0.460210 0.681234 0.014038 0.010945
0 0.470582 0.652620 0.013466 0.014303
0 0.460483 0.653249 0.016799 0.010516
0 0.473380 0.639783 0.024669 0.007984
0 0.450947 0.646731 0.011220 0.010937
0 0.533972 0.639578 0.012341 0.011781
0 0.525271 0.641471 0.018505 0.011364
0 0.514337 0.637055 0.014587 0.012622
0 0.523031 0.622541 0.014024 0.009680
0 0.380549 0.671560 0.014034 0.011771
0 0.398495 0.694916 0.012930 0.010516
0 0.546247 0.617765 0.033763 0.028557
0 0.749395 0.609606 0.021210 0.017946
0 0.693649 0.666912 0.017404 0.014276
0 0.726554 0.691589 0.021230 0.008157
0 0.561496 0.679761 0.017404 0.012235
0 0.559056 0.686078 0.016875 0.011838
0 0.743133 0.655087 0.017417 0.015084
0 0.682773 0.689550 0.017404 0.007344
0 0.376043 0.760317 0.010883 0.011012
0 0.351300 0.700970 0.012507 0.010605
0 0.331721 0.701582 0.015771 0.007748
0 0.275976 0.757666 0.025033 0.008973
0 0.293932 0.715662 0.014187 0.013864
0 0.255584 0.706272 0.013595 0.008973
0 0.235997 0.736863 0.011405 0.011424
0 0.246339 0.687102 0.016858 0.011421
0 0.152526 0.657939 0.016316 0.010198
0 0.146543 0.673234 0.017404 0.017133
0 0.106027 0.596756 0.011419 0.008566
0 0.104124 0.592474 0.011964 0.008157
0 0.275395 0.325800 0.015142 0.017210
0 0.279076 0.315774 0.016915 0.005804
0 0.284433 0.328254 0.009540 0.016726
0 0.290266 0.335621 0.018052 0.017125
0 0.299299 0.347168 0.016984 0.009960
0 0.318940 0.342391 0.018052 0.015531
0 0.400184 0.383411 0.015929 0.014735
0 0.307265 0.351349 0.015919 0.010347
0 0.317882 0.332437 0.015923 0.013137
0 0.333738 0.351226 0.014732 0.017215
0 0.090815 0.415378 0.022973 0.016763
0 0.056974 0.418405 0.013657 0.022817
0 0.050764 0.416543 0.011177 0.015367
0 0.034000 0.430001 0.019871 0.008847
0 0.028095 0.430930 0.011812 0.014439
0 0.121240 0.384643 0.015522 0.011176
0 0.160977 0.373699 0.014282 0.017230
0 0.067227 0.355769 0.013026 0.018631
0 0.089274 0.357403 0.022378 0.008854
0 0.087391 0.341567 0.024821 0.010714
0 0.131802 0.345990 0.014266 0.014901
0 0.058833 0.293555 0.011171 0.011649
0 0.097024 0.310784 0.016766 0.012574
0 0.172159 0.333605 0.017996 0.014432
0 0.180848 0.315673 0.019249 0.013038
0 0.230833 0.315021 0.014901 0.011644
0 0.237662 0.321075 0.009934 0.010712
0 0.169051 0.270082 0.014279 0.016766
0 0.035861 0.409789 0.013661 0.012108
0 0.091746 0.390464 0.019868 0.014435
0 0.038039 0.393953 0.011792 0.013036
0 0.039277 0.442808 0.014282 0.014901
0 0.022824 0.342731 0.016144 0.020491
0 0.007300 0.387199 0.009937 0.016312
0 0.182708 0.642031 0.021210 0.020804
0 0.172920 0.637953 0.009246 0.015092
0 0.184067 0.615105 0.017407 0.014288
0 0.204735 0.662630 0.014140 0.011421
0 0.196030 0.625920 0.017397 0.019578
0 0.127235 0.658755 0.016858 0.010198
0 0.151981 0.610828 0.016316 0.013051
0 0.308881 0.548015 0.012510 0.009789
0 0.187059 0.535574 0.017946 0.010196
0 0.199840 0.523127 0.017404 0.009797
0 0.222412 0.520479 0.012517 0.011820
0 0.242533 0.562290 0.029907 0.013867
0 0.131860 0.541285 0.015228 0.014276
0 0.111472 0.538633 0.022282 0.013051
0 0.354292 0.490910 0.016316 0.015501
0 0.299091 0.499070 0.015774 0.012227
0 0.289567 0.476228 0.020668 0.008953
0 0.258575 0.503351 0.030456 0.019985
0 0.129691 0.500501 0.031558 0.013452
0 0.117174 0.499675 0.022841 0.008576
0 0.166121 0.484792 0.019577 0.011419
0 0.169377 0.475208 0.023945 0.015908
0 0.128595 0.465218 0.013049 0.011429
0 0.104400 0.468890 0.022292 0.020404
0 0.103851 0.456240 0.026650 0.016314
0 0.207727 0.484590 0.024474 0.013460
0 0.185430 0.461344 0.013598 0.010188
0 0.075572 0.484588 0.014683 0.016721
0 0.152252 0.438905 0.019034 0.009382
0 0.191954 0.410353 0.047315 0.037934
0 0.200384 0.406887 0.014140 0.008973
0 0.203652 0.392612 0.018482 0.010605
0 0.219416 0.389146 0.011961 0.011823
0 0.212348 0.385882 0.020668 0.013460
0 0.228391 0.407907 0.010334 0.012644
0 0.370461 0.391791 0.012153 0.010838
0 0.239261 0.346839 0.025612 0.017488
0 0.252394 0.344376 0.023644 0.016997
0 0.253705 0.354105 0.028905 0.012316
0 0.273203 0.357103 0.011716 0.010253
0 0.283209 0.363875 0.015129 0.012820
0 0.261837 0.403216 0.039157 0.029368
0 0.253290 0.387308 0.022718 0.023053
0 0.235488 0.383667 0.034468 0.024129
0 0.342060 0.397701 0.018380 0.012812
0 0.363892 0.438099 0.013466 0.014779
0 0.367834 0.459159 0.017407 0.013056
0 0.357325 0.380831 0.012811 0.015025
0 0.556329 0.707701 0.015774 0.012644
0 0.598214 0.721567 0.038624 0.017540
0 0.603373 0.730950 0.009788 0.009380
0 0.581075 0.734008 0.015231 0.008973
0 0.636004 0.752975 0.015228 0.011828
0 0.463059 0.751344 0.014140 0.011012
0 0.455167 0.787034 0.014699 0.008973
0 0.498682 0.772147 0.023383 0.013460
0 0.439403 0.770921 0.022298 0.007750
0 0.398886 0.719732 0.016316 0.012237
0 0.224317 0.304541 0.016776 0.008378
0 0.292273 0.297788 0.010466 0.012981
0 0.334325 0.319219 0.018122 0.022029
0 0.320445 0.264578 0.019329 0.012986
0 0.313808 0.264730 0.010063 0.009058
0 0.330718 0.254322 0.014094 0.022631
0 0.588735 0.371753 0.006842 0.014792
0 0.587323 0.366771 0.025771 0.010868
0 0.578671 0.373115 0.018915 0.010863
0 0.576862 0.359375 0.012077 0.015397
0 0.586493 0.230541 0.012609 0.007401
0 0.622945 0.232595 0.015347 0.014799
0 0.628699 0.240407 0.019183 0.009043
0 0.602662 0.203240 0.010946 0.013574
0 0.616908 0.205295 0.013142 0.013566
0 0.591964 0.242495 0.012765 0.010933
0 0.671329 0.282396 0.013360 0.012312
0 0.685620 0.307937 0.020050 0.014137
0 0.518694 0.331421 0.019458 0.016419
0 0.586804 0.253662 0.015804 0.013227
0 0.588018 0.273957 0.014593 0.010945
0 0.500756 0.307479 0.015202 0.012314
0 0.427173 0.261416 0.014001 0.015050
0 0.473393 0.232222 0.017632 0.014127
0 0.218006 0.288100 0.017626 0.012758
0 0.247789 0.280799 0.024944 0.012768
0 0.366066 0.251155 0.026756 0.012770
0 0.377331 0.231771 0.020073 0.014137
0 0.398600 0.219003 0.011551 0.007753
0 0.425901 0.187945 0.026147 0.019611
0 0.417085 0.185238 0.020678 0.018641
0 0.448710 0.171069 0.018254 0.013219
0 0.287869 0.182929 0.015202 0.008666
0 0.285741 0.200259 0.019458 0.010489
0 0.333778 0.192300 0.023105 0.012726
0 0.376040 0.195698 0.022497 0.012314
0 0.472611 0.284838 0.018733 0.018867
0 0.467384 0.287889 0.015106 0.010387
0 0.482495 0.290717 0.008819 0.012287
0 0.240450 0.235399 0.014008 0.014092
0 0.392100 0.346091 0.032202 0.015397
0 0.375595 0.327676 0.026567 0.014191
0 0.397528 0.318775 0.018932 0.021726
0 0.416452 0.312883 0.017308 0.014794
0 0.411019 0.304878 0.016905 0.012068
0 0.414443 0.293415 0.010069 0.016295
0 0.369557 0.297335 0.017712 0.014492
0 0.360899 0.287374 0.021323 0.010263
0 0.345809 0.277712 0.010466 0.018113
0 0.332927 0.280580 0.014491 0.012981
0 0.395718 0.282242 0.010483 0.013889
0 0.406389 0.340802 0.028585 0.024745
0 0.594988 0.232185 0.015347 0.009866
0 0.602937 0.221291 0.014802 0.015211
0 0.613626 0.225402 0.032887 0.020967
0 0.536339 0.320816 0.035079 0.023433
0 0.550317 0.317734 0.012606 0.005756
0 0.541814 0.302892 0.018621 0.016448
0 0.556339 0.252948 0.018102 0.012741
0 0.407255 0.272473 0.013704 0.013155
0 0.498543 0.287180 0.015737 0.009916
0 0.542609 0.291663 0.015708 0.020776
0 0.546081 0.282465 0.015112 0.008036
0 0.533793 0.279394 0.011964 0.008490
0 0.524669 0.274903 0.012566 0.014638
0 0.520572 0.260270 0.019504 0.016523
0 0.548274 0.227458 0.015734 0.015109
0 0.548588 0.230055 0.020146 0.016523
0 0.632624 0.370977 0.015737 0.009435
0 0.497917 0.263811 0.015741 0.022661
0 0.486263 0.261217 0.016376 0.021243
0 0.477141 0.273490 0.018257 0.012748
0 0.471786 0.275139 0.022672 0.013224
0 0.178034 0.434895 0.022999 0.012205
0 0.177753 0.434262 0.020195 0.010097
0 0.422059 0.444359 0.018515 0.010935
0 0.430696 0.670986 0.026637 0.019998
