0 0.380155 0.305954 0.011290 0.008480
0 0.458914 0.366923 0.017503 0.011858
0 0.308454 0.424934 0.014679 0.013549
0 0.283737 0.692657 0.024405 0.008385
0 0.286214 0.693931 0.044286 0.018234
0 0.360408 0.642463 0.016187 0.014489
0 0.326708 0.669690 0.014626 0.007054
0 0.255656 0.655780 0.014626 0.013713
0 0.310251 0.676548 0.028704 0.014499
0 0.363801 0.672825 0.016716 0.009405
0 0.379993 0.662252 0.011508 0.009375
0 0.515304 0.614844 0.021944 0.009400
0 0.520008 0.644417 0.013581 0.009797
0 0.370069 0.690262 0.020899 0.007443
0 0.374506 0.697507 0.015142 0.010193
0 0.374777 0.706327 0.022999 0.009797
0 0.406901 0.715733 0.016197 0.009789
0 0.370069 0.745704 0.013585 0.009405
0 0.416567 0.764315 0.014616 0.012148
0 0.398543 0.687715 0.025599 0.010970
0 0.417093 0.693785 0.020906 0.014504
0 0.478996 0.692025 0.026644 0.012537
0 0.494155 0.689679 0.013046 0.015682
0 0.477169 0.703780 0.010450 0.007837
0 0.474555 0.704563 0.024031 0.008621
0 0.450526 0.699660 0.015668 0.011374
0 0.348383 0.711023 0.020364 0.014506
0 0.388877 0.751775 0.018806 0.013718
0 0.399327 0.728268 0.018806 0.013713
0 0.536462 0.708486 0.023519 0.014095
0 0.484221 0.763930 0.031868 0.012135
0 0.526270 0.748445 0.014643 0.008616
0 0.777300 0.711660 0.012001 0.014095
0 0.731085 0.723022 0.031349 0.017250
0 0.810742 0.638540 0.017239 0.012145
0 0.807085 0.634622 0.016194 0.009010
0 0.792179 0.632471 0.017758 0.009412
0 0.734727 0.649901 0.018806 0.006647
0 0.745966 0.655975 0.014087 0.008626
0 0.757449 0.663814 0.015162 0.015675
0 0.596022 0.589170 0.012017 0.016848
0 0.652186 0.598183 0.011501 0.018415
0 0.667335 0.612092 0.015675 0.010186
0 0.574605 0.669103 0.016200 0.019199
0 0.584268 0.654013 0.013581 0.010179
0 0.742568 0.629333 0.018800 0.010972
0 0.564668 0.638736 0.012001 0.014105
0 0.549008 0.679091 0.029762 0.018802
0 0.691888 0.645789 0.015675 0.014107
0 0.856465 0.621094 0.024041 0.015650
0 0.846528 0.651669 0.012540 0.009410
0 0.800293 0.637365 0.015149 0.011362
0 0.755686 0.506200 0.015638 0.013328
0 0.750000 0.498472 0.011376 0.013869
0 0.790873 0.548852 0.013505 0.010129
0 0.829259 0.522728 0.019193 0.014395
0 0.858049 0.534990 0.015642 0.015461
0 0.788740 0.458483 0.020615 0.014928
0 0.764220 0.441162 0.025595 0.025067
0 0.770613 0.428363 0.015638 0.015461
0 0.778433 0.435559 0.041230 0.020260
0 0.763150 0.425430 0.027722 0.012795
0 0.751769 0.433160 0.020602 0.016528
0 0.750364 0.416101 0.014947 0.013333
0 0.760308 0.471546 0.016349 0.012264
0 0.816465 0.465415 0.020615 0.015995
0 0.829969 0.457418 0.027728 0.015992
0 0.754975 0.356125 0.014216 0.012800
0 0.756397 0.352659 0.014216 0.019732
0 0.740132 0.365966 0.016455 0.013519
0 0.737394 0.360088 0.015661 0.009993
0 0.884324 0.427393 0.025863 0.009400
0 0.717016 0.413568 0.018813 0.015875
0 0.427583 0.375604 0.012427 0.014819
0 0.212480 0.411596 0.023704 0.012279
0 0.758929 0.219617 0.014881 0.011163
0 0.749537 0.227847 0.025860 0.014692
0 0.685276 0.241953 0.013323 0.011168
0 0.705258 0.275162 0.015675 0.012924
0 0.619841 0.225206 0.020370 0.009410
0 0.554008 0.207865 0.015688 0.012341
0 0.673915 0.319245 0.021944 0.019993
0 0.641000 0.320716 0.017239 0.013529
0 0.680184 0.312481 0.018806 0.009993
0 0.685668 0.307192 0.017242 0.014692
0 0.696639 0.370967 0.025076 0.014117
0 0.781268 0.375957 0.018819 0.014692
0 0.793813 0.348333 0.014107 0.014692
0 0.829864 0.420918 0.029769 0.014107
0 0.587748 0.400348 0.018882 0.016456
0 0.623370 0.438547 0.027427 0.015288
0 0.584187 0.371843 0.019590 0.013517
0 0.518353 0.409164 0.016468 0.019965
0 0.530506 0.380365 0.018810 0.011756
0 0.635136 0.357744 0.014914 0.011178
0 0.619843 0.338347 0.028211 0.018212
0 0.664119 0.353624 0.021161 0.011166
0 0.660198 0.354211 0.024299 0.009990
0 0.457209 0.653359 0.013690 0.007964
0 0.448578 0.661990 0.019081 0.008495
0 0.446574 0.663821 0.019954 0.013857
0 0.437682 0.667153 0.013657 0.005620
0 0.429745 0.663429 0.019081 0.013073
0 0.434028 0.647903 0.011243 0.007765
0 0.415509 0.649417 0.029101 0.008557
0 0.422950 0.645714 0.022156 0.010506
0 0.415137 0.643382 0.010301 0.011922
0 0.423251 0.637422 0.012163 0.011218
0 0.458945 0.610544 0.011210 0.011699
0 0.402206 0.623393 0.016819 0.009812
0 0.436339 0.593937 0.035840 0.013569
0 0.500230 0.590671 0.015896 0.012155
0 0.502569 0.588328 0.018075 0.014504
0 0.409846 0.531999 0.026491 0.018234
0 0.399711 0.526266 0.011855 0.009129
0 0.396443 0.534686 0.014024 0.011922
0 0.395666 0.542986 0.029296 0.018700
0 0.494630 0.493313 0.021521 0.010982
0 0.491815 0.502077 0.022130 0.010285
0 0.485116 0.492494 0.022440 0.015429
0 0.476691 0.483261 0.011829 0.010987
0 0.550248 0.508857 0.010615 0.012158
0 0.549785 0.523116 0.021528 0.009819
0 0.527027 0.528725 0.015258 0.016359
0 0.502889 0.552686 0.021207 0.007713
0 0.500397 0.557122 0.011243 0.010508
0 0.469537 0.547665 0.020556 0.018693
0 0.335668 0.521830 0.016521 0.015193
0 0.343142 0.521368 0.013386 0.015652
0 0.326786 0.496357 0.021819 0.011910
0 0.315410 0.499625 0.011508 0.010521
0 0.323198 0.507103 0.009028 0.013323
0 0.311513 0.482560 0.016207 0.011920
0 0.307307 0.473332 0.019011 0.006535
0 0.346270 0.493317 0.013413 0.012378
0 0.499815 0.569545 0.015463 0.013614
0 0.533418 0.557044 0.027483 0.025446
0 0.605453 0.514076 0.012011 0.013777
0 0.602277 0.506923 0.015552 0.011128
0 0.570478 0.560975 0.015546 0.012187
0 0.674344 0.588002 0.009891 0.007949
0 0.668338 0.586936 0.012007 0.008996
0 0.694125 0.554616 0.014130 0.012188
0 0.667282 0.514607 0.018360 0.007418
0 0.618877 0.472479 0.013423 0.009010
0 0.596620 0.455785 0.025437 0.018018
0 0.567295 0.438032 0.016270 0.010067
0 0.548922 0.438297 0.016243 0.016957
0 0.525604 0.456580 0.017675 0.011126
0 0.445061 0.481751 0.014838 0.013780
0 0.448242 0.475921 0.019785 0.014839
0 0.424917 0.466913 0.018353 0.014839
0 0.405484 0.462674 0.012027 0.011657
0 0.411850 0.451545 0.016247 0.010600
0 0.445064 0.442010 0.020486 0.011664
0 0.426338 0.434325 0.018370 0.013244
0 0.414327 0.435913 0.014137 0.013249
0 0.445061 0.432202 0.014838 0.013249
0 0.325298 0.435118 0.019782 0.011659
0 0.319998 0.438562 0.016253 0.009008
0 0.353208 0.447571 0.024729 0.019606
0 0.340848 0.446776 0.009904 0.016959
0 0.328127 0.450484 0.016961 0.007416
0 0.287497 0.502417 0.017665 0.007418
0 0.279365 0.489710 0.033929 0.027555
0 0.242629 0.500828 0.031091 0.022257
0 0.217545 0.487576 0.019077 0.014829
0 0.195643 0.472743 0.027556 0.015898
0 0.153955 0.528915 0.021905 0.014839
0 0.156076 0.481486 0.021908 0.010069
0 0.120040 0.479632 0.017665 0.010598
0 0.116510 0.470093 0.012021 0.014839
0 0.073406 0.485991 0.012011 0.021198
0 0.073758 0.471947 0.011306 0.013249
0 0.212599 0.456581 0.028968 0.017493
0 0.222073 0.449705 0.015807 0.008046
0 0.236189 0.452246 0.016935 0.012279
0 0.223485 0.438694 0.017500 0.012279
0 0.248613 0.461984 0.012431 0.011434
0 0.297727 0.403974 0.010162 0.015667
0 0.290114 0.404185 0.011842 0.015246
0 0.294329 0.395928 0.037269 0.017361
0 0.274863 0.382591 0.025407 0.011009
0 0.259901 0.379627 0.019193 0.016089
0 0.266338 0.364382 0.024276 0.009315
0 0.265489 0.366288 0.021455 0.011431
0 0.280169 0.365017 0.023710 0.019901
0 0.259562 0.362901 0.025407 0.024134
0 0.325673 0.371158 0.017503 0.010164
0 0.323697 0.362266 0.016938 0.017785
0 0.316923 0.366083 0.028231 0.027111
0 0.104917 0.340036 0.015231 0.022443
0 0.133155 0.346388 0.026534 0.015667
0 0.263014 0.570815 0.015506 0.014348
0 0.201806 0.608496 0.011799 0.010990
0 0.217670 0.612160 0.009355 0.009762
0 0.244082 0.562124 0.012629 0.014030
0 0.262793 0.531916 0.013436 0.008544
0 0.312416 0.525810 0.014117 0.009010
0 0.303566 0.517991 0.009911 0.011925
0 0.236971 0.530308 0.011640 0.016964
0 0.198981 0.562649 0.012712 0.009028
0 0.185903 0.531374 0.010602 0.009524
0 0.180608 0.536410 0.016243 0.010072
0 0.194565 0.542638 0.018740 0.017755
0 0.195658 0.547166 0.011792 0.009164
0 0.188135 0.553884 0.030106 0.023800
0 0.211529 0.589735 0.014243 0.013120
0 0.267669 0.533746 0.012612 0.008544
0 0.254051 0.545794 0.012202 0.019821
0 0.261971 0.549603 0.018320 0.018304
0 0.268886 0.543203 0.013419 0.009769
0 0.266285 0.590497 0.010579 0.014035
0 0.311847 0.619178 0.024408 0.014645
0 0.316113 0.609719 0.019130 0.010985
0 0.317135 0.601177 0.018714 0.010985
0 0.215311 0.405244 0.016931 0.010588
0 0.189611 0.427686 0.020890 0.008046
0 0.248046 0.423659 0.024841 0.013544
0 0.368297 0.374334 0.012414 0.015667
0 0.240728 0.385469 0.012857 0.012684
0 0.230681 0.352626 0.013280 0.014950
0 0.248489 0.342433 0.022335 0.012684
0 0.261787 0.332465 0.016300 0.009077
0 0.292890 0.340164 0.015675 0.010883
0 0.566126 0.257679 0.016372 0.015243
0 0.219198 0.294188 0.015704 0.008609
0 0.224034 0.292829 0.013280 0.010419
0 0.236108 0.297586 0.018128 0.009060
0 0.295301 0.290110 0.014491 0.011327
0 0.371412 0.258399 0.010873 0.008609
0 0.369003 0.260660 0.009679 0.012242
0 0.335466 0.274260 0.024769 0.014938
0 0.346948 0.258400 0.012685 0.012232
0 0.355704 0.245946 0.013261 0.016297
0 0.333963 0.216721 0.015704 0.022197
0 0.381680 0.217405 0.014484 0.023549
0 0.383790 0.202906 0.015093 0.009968
0 0.418834 0.206988 0.028403 0.009958
0 0.433019 0.221071 0.020536 0.009965
0 0.416713 0.283816 0.031409 0.022195
0 0.430303 0.265241 0.017517 0.014043
0 0.327316 0.319601 0.018125 0.014043
0 0.322221 0.590345 0.010169 0.010680
0 0.323441 0.583785 0.009355 0.007321
0 0.330354 0.578136 0.018313 0.022889
0 0.376326 0.554342 0.018307 0.008847
0 0.456066 0.628483 0.019944 0.007626
0 0.458707 0.630619 0.015456 0.010067
0 0.474775 0.635348 0.016680 0.006104
0 0.484134 0.640534 0.020747 0.010375
0 0.463181 0.647099 0.020344 0.012502
0 0.461961 0.636264 0.017897 0.011595
0 0.455045 0.640229 0.017900 0.009154
0 0.364537 0.563193 0.008558 0.008232
0 0.373072 0.563647 0.015866 0.007934
0 0.350089 0.573253 0.015456 0.009447
0 0.364937 0.571734 0.016680 0.010069
0 0.357207 0.572954 0.029699 0.013120
0 0.275228 0.556625 0.019517 0.015878
0 0.284592 0.556326 0.008952 0.010375
0 0.300865 0.553578 0.021154 0.008544
0 0.298016 0.560596 0.013016 0.007934
0 0.296215 0.564578 0.023515 0.016106
0 0.293970 0.560291 0.015433 0.015126
0 0.286827 0.564180 0.024170 0.011882
0 0.570916 0.253234 0.022586 0.011438
0 0.581941 0.251322 0.009583 0.010997
0 0.583064 0.244340 0.012986 0.010585
0 0.522937 0.247516 0.013552 0.011009
0 0.529428 0.267417 0.014114 0.013549
0 0.513340 0.258736 0.012421 0.008891
0 0.498942 0.255773 0.017500 0.010588
0 0.591814 0.329237 0.018065 0.020325
0 0.579396 0.329027 0.015810 0.015667
0 0.559635 0.347236 0.021452 0.013123
0 0.554835 0.329874 0.022017 0.017361
0 0.559916 0.360996 0.020890 0.007622
0 0.468229 0.333472 0.020327 0.009315
0 0.497303 0.312087 0.016372 0.014814
0 0.453274 0.322256 0.026521 0.011426
0 0.600622 0.310396 0.012983 0.010588
0 0.528074 0.297057 0.011293 0.013549
0 0.514524 0.296429 0.018069 0.017361
0 0.505766 0.343211 0.020876 0.014397
0 0.455527 0.403973 0.020890 0.019058
0 0.348826 0.383859 0.014120 0.013552
0 0.384671 0.297268 0.018065 0.015667
0 0.400205 0.308284 0.016389 0.008036
