0 0.380331 0.334216 0.027130 0.016086
0 0.370557 0.300157 0.021452 0.018916
0 0.370876 0.240541 0.015761 0.018924
0 0.326710 0.234392 0.034702 0.022703
0 0.334912 0.250949 0.020817 0.016084
0 0.415974 0.210025 0.018925 0.012773
0 0.594502 0.212629 0.013892 0.020823
0 0.502087 0.159165 0.020827 0.017031
0 0.503649 0.178087 0.018938 0.017036
0 0.393580 0.155618 0.022080 0.013720
0 0.400203 0.156089 0.016399 0.013720
0 0.333333 0.142139 0.040410 0.027433
0 0.673347 0.291636 0.020185 0.014194
0 0.654423 0.292582 0.025235 0.011354
0 0.650007 0.288088 0.020185 0.013720
0 0.637391 0.277915 0.016402 0.017031
0 0.635175 0.272003 0.015787 0.015613
0 0.671769 0.276734 0.014511 0.009936
0 0.675240 0.243615 0.016399 0.020345
0 0.686278 0.235336 0.024600 0.016084
0 0.705842 0.211921 0.023323 0.016550
0 0.680916 0.178089 0.020185 0.020816
0 0.695427 0.291399 0.021448 0.009936
0 0.733275 0.277206 0.022708 0.018450
0 0.732330 0.283833 0.029653 0.034531
0 0.681548 0.314110 0.017665 0.012773
0 0.779955 0.237227 0.015136 0.019891
0 0.437421 0.326647 0.016402 0.016086
0 0.599220 0.327357 0.020807 0.019397
0 0.832629 0.238176 0.034696 0.025548
0 0.875213 0.273185 0.023978 0.015139
0 0.748730 0.303228 0.018294 0.012775
0 0.786579 0.283121 0.020817 0.013247
0 0.523843 0.383183 0.011356 0.008991
0 0.516273 0.381055 0.018922 0.009462
0 0.583775 0.405418 0.025241 0.013718
0 0.567060 0.346760 0.023353 0.013708
0 0.550969 0.353614 0.025231 0.024603
0 0.521319 0.354087 0.031541 0.018924
0 0.510597 0.351013 0.022708 0.015613
0 0.781900 0.420233 0.013363 0.015218
0 0.783879 0.416706 0.019306 0.016334
0 0.800706 0.394805 0.016333 0.009650
0 0.698995 0.429883 0.018810 0.015962
0 0.650243 0.462922 0.017325 0.011508
0 0.593571 0.443993 0.017817 0.013730
0 0.519825 0.445846 0.016832 0.016691
0 0.712358 0.512665 0.035635 0.030811
0 0.701964 0.500043 0.024749 0.015221
0 0.833867 0.505613 0.017318 0.018934
0 0.951911 0.525468 0.021772 0.017071
0 0.899944 0.596558 0.011878 0.011508
0 0.805656 0.610108 0.015341 0.013366
0 0.727206 0.520831 0.008909 0.010025
0 0.729683 0.503199 0.008909 0.011136
0 0.645782 0.553497 0.022259 0.010764
0 0.672269 0.585975 0.026726 0.006672
0 0.623021 0.587835 0.017325 0.011880
0 0.562880 0.554067 0.021792 0.021528
0 0.440632 0.534751 0.020787 0.012622
0 0.413161 0.544774 0.017321 0.015590
0 0.409201 0.529551 0.020288 0.014112
0 0.393365 0.535308 0.016333 0.011508
0 0.463399 0.557582 0.017817 0.011508
0 0.457955 0.577254 0.010890 0.013735
0 0.468089 0.591367 0.018320 0.007788
0 0.525521 0.684354 0.012384 0.016327
0 0.393619 0.768242 0.020771 0.012624
0 0.374549 0.586159 0.018297 0.017458
0 0.291156 0.584308 0.019798 0.014479
0 0.276556 0.583008 0.019302 0.011136
0 0.331000 0.557396 0.014355 0.013363
0 0.300562 0.561478 0.020787 0.020045
0 0.250324 0.567604 0.025245 0.015218
0 0.278042 0.600459 0.017328 0.017088
0 0.304760 0.633493 0.022285 0.012622
0 0.085506 0.629782 0.021283 0.020045
0 0.350056 0.470718 0.017817 0.012250
0 0.339661 0.461251 0.019798 0.012622
0 0.288682 0.467564 0.023760 0.015585
0 0.320855 0.476471 0.012867 0.016334
0 0.401779 0.411323 0.012374 0.015221
0 0.402278 0.420790 0.013353 0.008167
0 0.406233 0.434524 0.019279 0.018552
0 0.371091 0.426915 0.021283 0.015218
0 0.344363 0.436565 0.020294 0.013735
0 0.323823 0.441207 0.014848 0.014105
0 0.387178 0.421718 0.015837 0.010022
0 0.379258 0.409654 0.027715 0.030439
0 0.381238 0.389608 0.019798 0.014107
0 0.353522 0.381997 0.015840 0.011513
0 0.277546 0.374389 0.025245 0.011877
0 0.259975 0.376245 0.015837 0.011136
0 0.256505 0.378656 0.011865 0.015957
0 0.257745 0.362510 0.017315 0.013363
0 0.299069 0.415407 0.010903 0.014479
0 0.263436 0.431183 0.023763 0.015590
0 0.259233 0.444547 0.014352 0.014849
0 0.291900 0.478331 0.018317 0.012614
0 0.036753 0.486865 0.020787 0.013363
0 0.313438 0.519163 0.017834 0.016337
0 0.293137 0.510250 0.020790 0.011136
0 0.280268 0.495217 0.039597 0.026357
0 0.240673 0.422090 0.016829 0.010022
0 0.223102 0.403900 0.010397 0.016704
0 0.225083 0.405198 0.033161 0.035635
0 0.228051 0.423945 0.019302 0.013733
0 0.215432 0.427468 0.019798 0.015600
0 0.200334 0.420790 0.019306 0.014849
0 0.174104 0.430072 0.017321 0.014112
0 0.162718 0.427471 0.019306 0.015593
0 0.166677 0.417077 0.018313 0.011877
0 0.168163 0.419862 0.023264 0.016704
0 0.201819 0.405568 0.020304 0.014856
0 0.222460 0.378528 0.020516 0.013554
0 0.150904 0.367360 0.017106 0.015375
0 0.210491 0.480197 0.020023 0.023440
0 0.207320 0.467925 0.014659 0.011347
0 0.196647 0.454304 0.015728 0.010722
0 0.198471 0.490355 0.017874 0.013403
0 0.150217 0.452819 0.021458 0.015543
0 0.131981 0.449067 0.016442 0.012331
0 0.153436 0.471586 0.019319 0.013410
0 0.170227 0.522258 0.017153 0.012870
0 0.184170 0.531373 0.022163 0.018232
0 0.186316 0.651749 0.020734 0.011260
0 0.156645 0.552016 0.018588 0.010188
0 0.194147 0.400554 0.048505 0.030821
0 0.258120 0.266275 0.023647 0.017073
0 0.255656 0.249030 0.019646 0.016071
0 0.256774 0.236307 0.022768 0.017411
0 0.201424 0.273300 0.020969 0.013068
0 0.213022 0.222574 0.019193 0.016062
0 0.092713 0.449587 0.024997 0.024774
0 0.110352 0.478544 0.021888 0.011711
0 0.144727 0.385973 0.016505 0.012721
0 0.158113 0.389990 0.022768 0.018080
0 0.025747 0.464993 0.027685 0.014707
0 0.141596 0.353327 0.020089 0.017076
0 0.123960 0.416436 0.019640 0.015412
0 0.076197 0.370570 0.019643 0.013393
0 0.172622 0.297579 0.016964 0.012054
0 0.181103 0.308965 0.018753 0.015399
0 0.192042 0.296575 0.022768 0.017411
0 0.159676 0.283852 0.014286 0.011384
0 0.147397 0.298914 0.016515 0.012063
0 0.126653 0.321168 0.019643 0.017783
0 0.283113 0.262591 0.020089 0.012388
0 0.255435 0.278327 0.020982 0.013058
0 0.186462 0.174033 0.014286 0.008705
0 0.286014 0.179390 0.026789 0.017411
0 0.284683 0.174194 0.014299 0.011037
0 0.254540 0.169674 0.025443 0.013380
0 0.322622 0.186252 0.025893 0.019082
0 0.182444 0.229108 0.042857 0.025112
0 0.239931 0.401487 0.010417 0.008911
0 0.455929 0.130534 0.021349 0.008405
0 0.503434 0.239222 0.020281 0.014412
0 0.558183 0.225668 0.016042 0.014735
0 0.549762 0.220558 0.012837 0.011131
0 0.541939 0.224769 0.015645 0.014742
0 0.527698 0.223566 0.016045 0.009325
0 0.457300 0.268544 0.024468 0.012034
0 0.473345 0.259970 0.018052 0.015342
0 0.453087 0.261324 0.022464 0.015645
0 0.424406 0.251395 0.034897 0.013237
0 0.449077 0.249139 0.013638 0.014742
0 0.457902 0.242520 0.018449 0.011131
0 0.486782 0.250494 0.011230 0.012034
0 0.502822 0.247638 0.037722 0.036396
0 0.514661 0.229132 0.018853 0.010228
0 0.554775 0.243875 0.014041 0.016848
0 0.571225 0.267638 0.018046 0.013847
0 0.488988 0.286896 0.014841 0.017448
0 0.580848 0.290356 0.018853 0.016545
0 0.564403 0.301187 0.016445 0.012334
0 0.476954 0.298478 0.017249 0.012334
0 0.466124 0.288400 0.020456 0.010828
0 0.417386 0.283286 0.019256 0.014439
0 0.387102 0.269147 0.008423 0.018051
0 0.415782 0.285693 0.028879 0.015042
0 0.394841 0.258756 0.022077 0.011828
0 0.425121 0.238884 0.025863 0.021290
0 0.441205 0.227293 0.018925 0.016084
0 0.384744 0.238411 0.033423 0.022235
0 0.385064 0.233444 0.018925 0.010409
0 0.376548 0.225637 0.014511 0.012773
0 0.389167 0.286197 0.017037 0.012770
