0 0.642282 0.680001 0.043624 0.026481
0 0.948519 0.517263 0.024107 0.038911
0 0.904499 0.537309 0.023059 0.019261
0 0.859173 0.518242 0.023571 0.014162
0 0.842396 0.502132 0.009957 0.006287
0 0.791306 0.593511 0.018856 0.011391
0 0.793403 0.586820 0.021991 0.013810
0 0.830342 0.590563 0.017298 0.014162
0 0.802568 0.544384 0.012054 0.007468
0 0.701948 0.608058 0.020437 0.014544
0 0.691733 0.593518 0.014683 0.011391
0 0.644301 0.587815 0.014150 0.011791
0 0.539489 0.582903 0.025678 0.025548
0 0.709286 0.558730 0.026726 0.018080
0 0.769810 0.488765 0.027245 0.031448
0 0.623603 0.553032 0.026207 0.010613
0 0.717677 0.458108 0.022523 0.016513
0 0.699853 0.502721 0.025678 0.015327
0 0.535035 0.551851 0.029349 0.016114
0 0.509879 0.569539 0.029349 0.017688
0 0.511976 0.536130 0.025155 0.013757
0 0.499922 0.542418 0.020962 0.020045
0 0.562809 0.574845 0.015724 0.017294
0 0.597399 0.615728 0.025155 0.013351
0 0.458783 0.618080 0.023585 0.014936
0 0.497302 0.457128 0.015721 0.013755
0 0.490751 0.460861 0.013102 0.013363
0 0.504114 0.413304 0.037731 0.022798
0 0.542110 0.380091 0.019392 0.016902
0 0.508831 0.135615 0.033542 0.022406
0 0.565170 0.250973 0.028819 0.019655
0 0.560451 0.294603 0.022536 0.013363
0 0.465856 0.280254 0.023049 0.016907
