0 0.262335 0.432898 0.015013 0.011262
0 0.299879 0.378658 0.036353 0.014211
0 0.518783 0.302496 0.017394 0.011262
0 0.368634 0.331541 0.017388 0.012448
0 0.261572 0.279737 0.010056 0.014534
0 0.205136 0.323955 0.022599 0.006555
0 0.164286 0.311813 0.013823 0.015417
0 0.304534 0.286001 0.022083 0.010017
0 0.256488 0.269030 0.020489 0.012237
0 0.254582 0.266958 0.016677 0.008093
0 0.306849 0.229945 0.014385 0.018879
0 0.316088 0.221652 0.035946 0.013095
0 0.347702 0.230531 0.021065 0.008482
0 0.291452 0.242659 0.016435 0.019643
0 0.353337 0.243620 0.012837 0.015414
0 0.329709 0.239962 0.025172 0.009630
0 0.328173 0.273475 0.020043 0.012723
0 0.360780 0.282144 0.021561 0.018504
0 0.452187 0.556935 0.016954 0.018819
0 0.431498 0.538621 0.023049 0.015764
0 0.537971 0.540404 0.027133 0.012207
0 0.595620 0.530990 0.025771 0.010689
0 0.837379 0.469958 0.018297 0.019836
0 0.733626 0.528960 0.038654 0.009665
0 0.722098 0.520060 0.021022 0.013224
0 0.766177 0.494878 0.018307 0.010689
0 0.494234 0.555662 0.016954 0.012207
0 0.394439 0.343511 0.017477 0.013108
0 0.380610 0.349244 0.013118 0.009301
0 0.419563 0.301183 0.015291 0.009286
0 0.372230 0.409323 0.018204 0.014747
0 0.355489 0.398403 0.016733 0.012569
0 0.348929 0.401949 0.028399 0.031677
0 0.328173 0.350337 0.017477 0.036592
0 0.333636 0.347607 0.009468 0.013656
0 0.334727 0.354706 0.023304 0.012562
0 0.428302 0.320570 0.018204 0.020754
0 0.415198 0.317294 0.018214 0.016384
0 0.720056 0.460807 0.019676 0.019829
0 0.781103 0.422402 0.014249 0.018311
0 0.791610 0.480136 0.025774 0.011687
0 0.798396 0.496918 0.020337 0.017795
0 0.704110 0.572185 0.024385 0.012723
0 0.678021 0.575747 0.041359 0.013745
0 0.675311 0.531763 0.019683 0.010184
0 0.710562 0.551594 0.015582 0.016277
0 0.828229 0.559220 0.023059 0.019333
0 0.753290 0.590005 0.023710 0.022867
0 0.701756 0.591518 0.015602 0.019841
0 0.592568 0.575756 0.022378 0.008656
0 0.588492 0.623301 0.012897 0.017287
0 0.642073 0.750465 0.011528 0.010171
0 0.711252 0.625347 0.022371 0.014236
0 0.658350 0.661967 0.025099 0.013219
0 0.459646 0.521080 0.019663 0.020335
0 0.463032 0.718426 0.030529 0.018301
0 0.470830 0.690706 0.025787 0.016778
0 0.526447 0.699861 0.018991 0.022897
0 0.529162 0.697319 0.016280 0.025947
0 0.511539 0.683581 0.023085 0.011706
0 0.541027 0.689430 0.019666 0.014241
0 0.564081 0.679769 0.019656 0.007128
0 0.541038 0.629158 0.023743 0.013733
0 0.494912 0.647723 0.021022 0.020347
0 0.428456 0.669086 0.016964 0.007121
0 0.422346 0.672646 0.016948 0.013224
0 0.408107 0.680784 0.018310 0.014241
0 0.408785 0.677986 0.010175 0.022887
0 0.464393 0.604999 0.016954 0.018311
0 0.363355 0.575756 0.026465 0.008656
0 0.346733 0.542946 0.016276 0.016275
0 0.335888 0.535572 0.014931 0.008648
0 0.332832 0.510898 0.026445 0.020357
0 0.307397 0.511158 0.017632 0.019836
0 0.272470 0.480894 0.018287 0.017294
0 0.269421 0.465890 0.012209 0.009663
0 0.260949 0.465128 0.010179 0.008137
0 0.258910 0.451648 0.014243 0.017800
0 0.298244 0.468433 0.011528 0.010680
0 0.319945 0.470216 0.015599 0.024410
0 0.290488 0.449974 0.012543 0.012949
0 0.292515 0.500076 0.019732 0.014283
0 0.254008 0.499111 0.027460 0.012359
0 0.232037 0.515589 0.019616 0.008827
0 0.204573 0.523534 0.018049 0.009415
0 0.258327 0.545598 0.028254 0.014707
0 0.290309 0.657839 0.025599 0.013594
0 0.278571 0.662636 0.017063 0.020005
0 0.506354 0.722253 0.024527 0.014397
0 0.348991 0.702640 0.036276 0.013614
0 0.353737 0.743013 0.028902 0.012882
0 0.376200 0.751860 0.037348 0.011210
0 0.296713 0.739454 0.023472 0.015203
0 0.280508 0.716510 0.046326 0.009142
0 0.277154 0.724513 0.014011 0.009601
0 0.254602 0.697078 0.016458 0.015089
0 0.206445 0.644256 0.022546 0.014653
0 0.158580 0.638779 0.021948 0.019204
0 0.147308 0.631236 0.011601 0.017830
0 0.153705 0.600598 0.021954 0.010521
0 0.155529 0.589630 0.021944 0.008676
0 0.142429 0.582992 0.027444 0.019209
0 0.143953 0.572934 0.015863 0.011890
0 0.135767 0.559730 0.019934 0.009062
0 0.166268 0.552029 0.014494 0.018120
0 0.162341 0.545007 0.033221 0.012232
0 0.165360 0.540024 0.034425 0.013137
0 0.141797 0.540030 0.033204 0.021280
0 0.142115 0.539125 0.019342 0.008606
0 0.115245 0.558594 0.007804 0.019469
0 0.149053 0.519179 0.021141 0.014053
0 0.139092 0.520092 0.012093 0.024916
0 0.206432 0.508312 0.016303 0.024010
0 0.203710 0.500838 0.022937 0.018120
0 0.107679 0.515787 0.021746 0.015404
0 0.102242 0.511483 0.022950 0.016761
0 0.092278 0.499252 0.011475 0.021292
0 0.253853 0.491555 0.015708 0.009499
0 0.242374 0.479546 0.010873 0.009965
0 0.213072 0.467540 0.022335 0.013135
0 0.214292 0.482490 0.021151 0.010417
0 0.204020 0.483850 0.027179 0.007701
0 0.062070 0.376256 0.010251 0.011773
0 0.158113 0.444665 0.025976 0.020838
0 0.159026 0.441040 0.014481 0.030806
0 0.163550 0.431753 0.010268 0.008606
0 0.161738 0.427449 0.023555 0.019933
0 0.169592 0.426549 0.011478 0.009050
0 0.153282 0.433340 0.017517 0.011778
0 0.137875 0.452589 0.021736 0.011329
0 0.726845 0.498697 0.011528 0.018311
0 0.538996 0.528956 0.022371 0.010689
0 0.570866 0.522861 0.042725 0.021863
0 0.467786 0.477080 0.019666 0.010682
0 0.490504 0.489797 0.027126 0.010685
0 0.533560 0.482934 0.022364 0.018299
0 0.601045 0.442240 0.020344 0.014241
0 0.596635 0.492847 0.015592 0.012718
0 0.597654 0.500985 0.021703 0.019836
0 0.586129 0.505558 0.025764 0.025947
0 0.328232 0.323973 0.026677 0.012946
0 0.279385 0.360169 0.026217 0.011458
0 0.297581 0.353886 0.024745 0.015293
0 0.307783 0.358256 0.024759 0.019663
0 0.316526 0.358802 0.011657 0.008735
0 0.323077 0.363171 0.018932 0.007646
0 0.335455 0.333406 0.024759 0.008192
0 0.340918 0.338049 0.009468 0.012016
0 0.341645 0.345694 0.016749 0.010923
0 0.339461 0.352795 0.009464 0.015293
0 0.326351 0.350334 0.016743 0.034402
0 0.457440 0.315377 0.013823 0.008185
0 0.463983 0.302821 0.013833 0.016932
0 0.548464 0.374368 0.018218 0.015848
0 0.481829 0.334225 0.026224 0.012016
0 0.438497 0.368087 0.031313 0.032770
0 0.457065 0.339692 0.024759 0.017490
0 0.426847 0.380921 0.015294 0.022393
0 0.423213 0.404401 0.012364 0.012572
0 0.602705 0.350066 0.023294 0.013113
0 0.525885 0.363177 0.016749 0.027297
0 0.495660 0.350879 0.023297 0.016937
0 0.465438 0.376553 0.016743 0.011468
0 0.484739 0.362086 0.029127 0.027297
0 0.486190 0.379824 0.014577 0.014757
0 0.521880 0.393211 0.016028 0.012016
0 0.580870 0.425433 0.013128 0.020756
0 0.487652 0.389115 0.008737 0.004916
0 0.415556 0.356613 0.020397 0.022949
0 0.635847 0.368905 0.022553 0.011471
0 0.427943 0.439912 0.013095 0.022383
0 0.498575 0.387749 0.018935 0.008738
0 0.663219 0.380481 0.011789 0.014831
0 0.385615 0.500693 0.015542 0.015970
0 0.616510 0.474343 0.012087 0.010789
0 0.629752 0.473483 0.016687 0.013385
0 0.633499 0.483199 0.012665 0.012093
0 0.392192 0.482829 0.014425 0.016997
0 0.377356 0.465212 0.010301 0.013906
0 0.383743 0.471393 0.013188 0.023182
0 0.437930 0.521931 0.010317 0.016679
0 0.431341 0.522240 0.021015 0.017297
0 0.422475 0.484988 0.011531 0.011443
0 0.421037 0.484531 0.008654 0.015461
0 0.421644 0.457651 0.014120 0.018527
0 0.394473 0.453938 0.011981 0.019583
0 0.417062 0.437268 0.011994 0.012701
0 0.384256 0.438331 0.033856 0.011632
0 0.402598 0.439914 0.042338 0.011639
0 0.399069 0.445730 0.033872 0.010573
0 0.664031 0.382759 0.020463 0.012701
0 0.480919 0.409750 0.012698 0.007411
0 0.470258 0.410996 0.018624 0.005077
0 0.451984 0.389430 0.014067 0.006622
0 0.456958 0.394706 0.013532 0.012622
0 0.455364 0.392223 0.008690 0.006000
0 0.686357 0.486132 0.013198 0.014521
0 0.689886 0.471605 0.018509 0.023120
0 0.658176 0.473421 0.024659 0.014859
0 0.677986 0.474412 0.022903 0.012877
0 0.725106 0.436931 0.060767 0.011887
0 0.691648 0.389872 0.020274 0.010236
0 0.718027 0.488274 0.018310 0.014742
0 0.400066 0.277140 0.028241 0.017723
0 0.410880 0.224358 0.008730 0.020035
0 0.453257 0.256050 0.009689 0.022572
0 0.500337 0.245494 0.024259 0.014568
0 0.170496 0.459613 0.037447 0.012684
0 0.162341 0.463917 0.019934 0.017666
0 0.150261 0.465502 0.016310 0.009060
0 0.131533 0.469578 0.034421 0.018125
0 0.195569 0.447153 0.035648 0.010427
0 0.215797 0.447156 0.025370 0.015856
0 0.131840 0.429035 0.012080 0.022197
0 0.210061 0.405931 0.025976 0.010419
0 0.175336 0.405250 0.010856 0.022654
0 0.111906 0.389850 0.014494 0.016307
0 0.194048 0.394154 0.009656 0.015858
0 0.203416 0.382602 0.018724 0.008155
0 0.193151 0.382602 0.009067 0.004529
0 0.186204 0.389396 0.009669 0.011778
0 0.255364 0.363349 0.015093 0.011322
0 0.203963 0.373890 0.019355 0.010206
0 0.211718 0.359871 0.016597 0.012743
0 0.198022 0.353627 0.016852 0.009978
0 0.131397 0.358356 0.011147 0.016424
0 0.137626 0.356904 0.011587 0.010300
0 0.173242 0.328741 0.027040 0.018346
0 0.156080 0.335978 0.022741 0.016749
0 0.162515 0.333248 0.010731 0.008688
0 0.160362 0.341620 0.013317 0.007396
0 0.172774 0.341709 0.012414 0.008690
0 0.190317 0.301364 0.024656 0.010913
0 0.197520 0.301861 0.013571 0.007696
0 0.198266 0.297640 0.008112 0.005712
0 0.492164 0.289650 0.024673 0.021711
0 0.378472 0.233346 0.037566 0.028150
0 0.230461 0.314585 0.016088 0.016892
0 0.239043 0.315388 0.016088 0.016892
0 0.354051 0.609157 0.023512 0.017073
0 0.371314 0.562375 0.015691 0.014125
0 0.365815 0.634170 0.020420 0.016456
0 0.211243 0.559138 0.028247 0.020598
0 0.212812 0.562375 0.012556 0.017656
0 0.193194 0.581500 0.029815 0.014712
0 0.189269 0.572087 0.025099 0.014710
0 0.178287 0.572674 0.028247 0.013537
0 0.182212 0.565317 0.010985 0.017654
0 0.190053 0.542072 0.010992 0.015890
0 0.178289 0.551193 0.018833 0.016478
0 0.232422 0.552959 0.015704 0.024717
0 0.185742 0.595919 0.021187 0.009417
0 0.223409 0.589446 0.011779 0.020007
0 0.329727 0.569437 0.021968 0.030600
0 0.277933 0.574731 0.020417 0.051793
0 0.285780 0.620053 0.050198 0.052954
0 0.286963 0.618576 0.016478 0.011181
0 0.275190 0.626815 0.013310 0.031190
0 0.266720 0.331332 0.011944 0.020491
0 0.274674 0.340371 0.012424 0.017870
0 0.267411 0.346028 0.012798 0.010558
0 0.283502 0.302561 0.023644 0.004070
0 0.274537 0.301947 0.007540 0.005184
0 0.275736 0.305947 0.005506 0.012361
0 0.233494 0.326503 0.017384 0.016597
0 0.240605 0.332134 0.026872 0.010077
0 0.234277 0.334201 0.020532 0.015427
0 0.280518 0.316426 0.016597 0.008299
0 0.310547 0.332134 0.013436 0.014819
0 0.258388 0.306053 0.019759 0.011262
0 0.256811 0.301310 0.016604 0.019554
0 0.261541 0.290935 0.018188 0.018973
0 0.263912 0.421043 0.022903 0.010077
