0 0.576857 0.428906 0.026524 0.021835
0 0.622474 0.331856 0.024577 0.016987
0 0.271473 0.571323 0.030400 0.025236
0 0.659995 0.693121 0.015526 0.012617
0 0.615028 0.348842 0.012292 0.011161
0 0.433872 0.312690 0.032996 0.011644
0 0.553771 0.295011 0.009263 0.007582
0 0.663750 0.136477 0.015489 0.015489
0 0.475924 0.260527 0.023938 0.017954
0 0.542242 0.282604 0.014233 0.008735
0 0.481748 0.288914 0.016174 0.011647
0 0.309325 0.255430 0.016819 0.009705
0 0.203218 0.267567 0.024583 0.007773
0 0.294444 0.330157 0.019378 0.020384
0 0.498246 0.314149 0.020704 0.016493
0 0.650843 0.161094 0.025079 0.009405
0 0.425430 0.162749 0.019907 0.014928
0 0.451346 0.639989 0.017480 0.012135
0 0.670346 0.631496 0.032351 0.016498
0 0.602412 0.487377 0.019408 0.009705
0 0.474636 0.472340 0.021362 0.015538
0 0.428047 0.504361 0.013588 0.014556
0 0.513213 0.158605 0.021392 0.017701
0 0.128819 0.353157 0.012930 0.015045
0 0.413814 0.497568 0.017470 0.012617
0 0.552834 0.309798 0.014597 0.007989
0 0.177346 0.559676 0.015546 0.008738
0 0.121691 0.365776 0.014223 0.016984
0 0.372407 0.260041 0.014881 0.012130
0 0.501164 0.523775 0.022632 0.011637
0 0.715316 0.437392 0.020050 0.021362
0 0.834363 0.264896 0.018773 0.014067
0 0.436460 0.409981 0.016174 0.008251
0 0.797804 0.360971 0.018115 0.015042
0 0.858945 0.270960 0.014881 0.013586
0 0.786166 0.293521 0.027159 0.020871
0 0.706576 0.351515 0.014229 0.009717
0 0.655789 0.209330 0.014878 0.013581
