0 0.465346 0.308687 0.015030 0.015608
0 0.759104 0.431875 0.013181 0.013849
0 0.773929 0.420257 0.013862 0.018291
0 0.635891 0.320965 0.025354 0.016434
0 0.614651 0.331494 0.014388 0.008738
0 0.584507 0.279590 0.014385 0.015920
0 0.758879 0.371577 0.015046 0.013889
0 0.799648 0.362586 0.014395 0.016446
0 0.867475 0.401894 0.026723 0.016957
0 0.810951 0.356933 0.013700 0.005136
0 0.814034 0.361043 0.014392 0.006163
0 0.751690 0.342591 0.028102 0.011297
0 0.752373 0.345931 0.021247 0.008733
0 0.676316 0.360579 0.018499 0.012334
0 0.677685 0.357496 0.017130 0.012334
0 0.883234 0.316641 0.017130 0.009769
0 0.710231 0.382161 0.016442 0.020553
0 0.721873 0.385244 0.010949 0.014387
0 0.736605 0.382165 0.030823 0.011314
0 0.538257 0.189919 0.024663 0.014908
0 0.566005 0.186843 0.019841 0.014906
0 0.634180 0.198394 0.023294 0.008718
0 0.640346 0.205340 0.012331 0.010278
0 0.542710 0.245678 0.019871 0.010791
0 0.611567 0.235658 0.013704 0.012334
0 0.625957 0.241824 0.026035 0.014387
0 0.695164 0.243421 0.024653 0.018490
0 0.666032 0.267831 0.023995 0.015920
0 0.788333 0.235971 0.019193 0.022106
0 0.831839 0.267051 0.014405 0.012326
0 0.898484 0.555639 0.015354 0.013559
0 0.908902 0.566117 0.021925 0.011510
0 0.916849 0.558101 0.020278 0.008633
0 0.865324 0.594277 0.021376 0.011922
0 0.834830 0.455257 0.042345 0.015523
0 0.830886 0.453415 0.015761 0.005908
0 0.886781 0.603000 0.014282 0.013296
0 0.833598 0.557571 0.023148 0.008867
0 0.817338 0.542236 0.024120 0.018847
0 0.780460 0.316849 0.023981 0.015414
0 0.849322 0.350756 0.023313 0.016443
0 0.818480 0.382112 0.016458 0.010280
0 0.733183 0.361042 0.014388 0.010278
0 0.661243 0.309444 0.022619 0.025188
0 0.726670 0.293263 0.017824 0.012334
0 0.704750 0.276556 0.016445 0.010801
0 0.765031 0.410357 0.011875 0.009405
0 0.754481 0.402691 0.013194 0.008904
0 0.757450 0.404673 0.013849 0.011870
0 0.731085 0.410614 0.023082 0.013837
0 0.744592 0.426188 0.017146 0.013353
0 0.740306 0.419511 0.012530 0.011870
0 0.738656 0.416543 0.022424 0.015828
0 0.730741 0.420252 0.010556 0.009397
0 0.731402 0.413823 0.011872 0.007418
0 0.710301 0.419023 0.019808 0.016815
0 0.690519 0.509528 0.010562 0.011873
0 0.660182 0.505324 0.023737 0.013356
0 0.659188 0.490729 0.017801 0.015833
0 0.684580 0.472188 0.017149 0.012371
0 0.636761 0.478612 0.013866 0.009392
0 0.649950 0.470944 0.011210 0.012870
0 0.656553 0.467486 0.012530 0.009893
0 0.662488 0.454377 0.015169 0.009400
0 0.692821 0.437567 0.027044 0.020273
0 0.693806 0.437811 0.011885 0.014839
0 0.712543 0.513878 0.011356 0.008013
0 0.726834 0.521281 0.017140 0.011967
0 0.726541 0.468765 0.015370 0.012421
0 0.719750 0.495569 0.013608 0.014616
0 0.738646 0.476073 0.023059 0.014625
0 0.737174 0.475852 0.014183 0.011525
0 0.730375 0.493583 0.012397 0.017721
0 0.735698 0.505325 0.018320 0.016399
0 0.738001 0.546327 0.017140 0.013289
0 0.751587 0.543003 0.011243 0.012842
0 0.730911 0.594849 0.015956 0.014618
0 0.748041 0.582445 0.023032 0.019058
0 0.763128 0.573576 0.016534 0.010198
0 0.796214 0.574020 0.023644 0.014608
0 0.778778 0.566931 0.019501 0.008420
0 0.790890 0.560952 0.014187 0.015060
0 0.777006 0.587097 0.023046 0.015955
0 0.776711 0.585547 0.017728 0.012855
0 0.736237 0.632307 0.027765 0.015952
0 0.759284 0.619007 0.026604 0.018619
0 0.740064 0.609036 0.033105 0.011967
0 0.757510 0.659342 0.011237 0.014184
0 0.704613 0.627873 0.014187 0.007091
0 0.706979 0.628760 0.014183 0.008864
0 0.657989 0.657785 0.021270 0.015521
0 0.537730 0.604826 0.015956 0.012411
0 0.618142 0.746406 0.012209 0.009152
0 0.632052 0.696059 0.012682 0.006602
0 0.671116 0.720593 0.017563 0.011721
0 0.457275 0.753001 0.016601 0.013542
0 0.690642 0.668243 0.017593 0.016099
0 0.694547 0.684714 0.019517 0.010250
0 0.673297 0.676298 0.012202 0.010995
0 0.696493 0.674278 0.012695 0.013547
0 0.708449 0.664762 0.020007 0.009881
0 0.721630 0.664763 0.018049 0.012091
0 0.730179 0.657253 0.012692 0.012448
0 0.518208 0.630516 0.010628 0.012510
0 0.527303 0.628239 0.016690 0.017812
0 0.623297 0.589582 0.018684 0.007195
0 0.594747 0.590908 0.018178 0.014405
0 0.582629 0.586744 0.017176 0.009846
0 0.648065 0.692666 0.015642 0.008715
0 0.655901 0.693808 0.012140 0.010980
0 0.659681 0.699110 0.014666 0.009474
0 0.463294 0.725893 0.019048 0.011161
0 0.498112 0.721657 0.016065 0.007143
0 0.515076 0.687726 0.017864 0.008041
0 0.523107 0.732371 0.016068 0.008929
0 0.535184 0.731935 0.034276 0.012411
0 0.522186 0.717971 0.027189 0.010188
0 0.534292 0.722185 0.025397 0.010640
0 0.555572 0.717090 0.011210 0.012850
0 0.570937 0.708223 0.012411 0.009308
0 0.570051 0.700905 0.023634 0.015947
0 0.542867 0.689165 0.021276 0.007532
0 0.542872 0.694926 0.014190 0.009306
0 0.310632 0.696484 0.015377 0.016853
0 0.353763 0.734594 0.020093 0.015067
0 0.352880 0.700019 0.011237 0.016853
0 0.354944 0.686948 0.016567 0.015513
0 0.363811 0.634430 0.024825 0.012411
0 0.356430 0.663681 0.014785 0.009752
0 0.456597 0.669221 0.024835 0.015511
0 0.400744 0.725732 0.011210 0.009747
0 0.408130 0.728168 0.022457 0.008420
0 0.409611 0.716865 0.020678 0.014187
0 0.451854 0.691830 0.010651 0.014613
0 0.385084 0.701797 0.018912 0.020389
0 0.418464 0.705564 0.019487 0.009308
0 0.409623 0.696698 0.018320 0.008425
0 0.408722 0.701132 0.015367 0.009308
0 0.428522 0.692049 0.021858 0.016835
0 0.440929 0.687836 0.018320 0.014625
0 0.436496 0.694041 0.009454 0.011967
0 0.443292 0.684955 0.024229 0.011523
0 0.416106 0.619805 0.018317 0.011530
0 0.450685 0.603410 0.016554 0.008854
0 0.263641 0.662574 0.011210 0.011062
0 0.260104 0.654153 0.011214 0.010191
0 0.210764 0.632884 0.014187 0.012842
0 0.237050 0.638418 0.021865 0.016840
0 0.246205 0.637092 0.018899 0.008857
0 0.263643 0.630879 0.013588 0.014189
0 0.273700 0.636198 0.018340 0.009747
0 0.284623 0.628445 0.022454 0.012852
0 0.304415 0.627567 0.021858 0.010193
0 0.268667 0.611824 0.021276 0.013296
0 0.282563 0.616254 0.026607 0.015062
0 0.292601 0.619359 0.015956 0.013296
0 0.180916 0.648838 0.018327 0.009318
0 0.333972 0.599420 0.021872 0.015060
0 0.379167 0.603621 0.020106 0.008433
0 0.415807 0.573487 0.011839 0.022619
0 0.424974 0.533156 0.018320 0.009308
0 0.370665 0.593750 0.015615 0.011706
0 0.367130 0.577087 0.013228 0.013435
0 0.371432 0.586443 0.023380 0.011106
0 0.316875 0.567450 0.017149 0.038571
0 0.270116 0.572414 0.026501 0.015781
0 0.254916 0.581474 0.031954 0.012860
0 0.207770 0.582649 0.032741 0.019861
0 0.210491 0.569783 0.021042 0.012860
0 0.178143 0.546695 0.021829 0.016952
0 0.251407 0.558089 0.012470 0.016376
0 0.240880 0.545816 0.017910 0.012862
0 0.229190 0.551668 0.016356 0.009363
0 0.108785 0.533251 0.010909 0.014613
0 0.203869 0.537923 0.024934 0.011114
0 0.165288 0.530327 0.011687 0.008770
0 0.155157 0.525360 0.013251 0.011691
0 0.231911 0.512215 0.014021 0.012277
0 0.274785 0.525360 0.020271 0.015203
0 0.275569 0.523607 0.015589 0.009353
0 0.333631 0.539963 0.011706 0.012862
0 0.321948 0.539973 0.014795 0.011691
0 0.338690 0.526523 0.021825 0.014018
0 0.099256 0.493796 0.009689 0.018703
0 0.325053 0.525656 0.016376 0.014606
0 0.312748 0.522918 0.018499 0.006937
0 0.148363 0.489358 0.012864 0.014678
0 0.185407 0.481076 0.013446 0.015625
0 0.201650 0.500608 0.018975 0.013318
0 0.162770 0.468452 0.011035 0.011483
0 0.170718 0.465928 0.013459 0.012857
0 0.186644 0.455593 0.012249 0.008725
0 0.420276 0.495534 0.021485 0.015623
0 0.339567 0.497727 0.013657 0.018073
0 0.323616 0.491629 0.019521 0.011731
0 0.300501 0.493589 0.012358 0.010739
0 0.265359 0.478255 0.008462 0.012205
0 0.278051 0.475325 0.011716 0.009276
0 0.274471 0.489726 0.012368 0.013668
0 0.286182 0.484849 0.016260 0.014638
0 0.303110 0.475569 0.012364 0.009764
0 0.293347 0.464586 0.025384 0.018061
0 0.156632 0.433094 0.013456 0.011491
0 0.159077 0.409901 0.024504 0.018363
0 0.206862 0.401628 0.011012 0.018371
0 0.219405 0.420918 0.016534 0.014697
0 0.209301 0.427808 0.017146 0.006429
0 0.193651 0.440471 0.009259 0.006954
0 0.201898 0.440182 0.014312 0.007334
0 0.218808 0.430413 0.100215 0.042473
0 0.283266 0.437971 0.013032 0.015625
0 0.273170 0.407225 0.011068 0.019529
0 0.236392 0.382330 0.012996 0.019521
0 0.246478 0.387452 0.009755 0.012200
0 0.209375 0.320089 0.017560 0.015129
0 0.299535 0.269800 0.016935 0.007309
0 0.306366 0.290797 0.011078 0.012200
0 0.321989 0.324235 0.012364 0.014645
0 0.395534 0.276885 0.027979 0.011706
0 0.414747 0.296162 0.011703 0.015141
0 0.399772 0.307149 0.009120 0.012691
0 0.359413 0.310567 0.009110 0.014645
0 0.379256 0.290792 0.018896 0.011223
0 0.375992 0.295434 0.022817 0.015620
0 0.314825 0.350103 0.021475 0.015632
0 0.312874 0.367927 0.017573 0.015134
0 0.347049 0.360119 0.015625 0.010268
0 0.313528 0.390580 0.027983 0.014643
0 0.376653 0.327840 0.020172 0.014162
0 0.360064 0.325410 0.014322 0.011233
0 0.422546 0.377636 0.026045 0.018070
0 0.362674 0.330530 0.010400 0.011709
0 0.328763 0.440559 0.014868 0.009556
0 0.327169 0.435982 0.029735 0.013135
0 0.379264 0.511575 0.016273 0.009906
0 0.316766 0.470150 0.008466 0.012691
0 0.418646 0.482111 0.013019 0.009276
0 0.414411 0.460144 0.011058 0.009276
0 0.439476 0.460873 0.013013 0.020506
0 0.490243 0.441105 0.010413 0.007324
0 0.486663 0.464048 0.020179 0.009276
0 0.469421 0.478694 0.018234 0.009278
0 0.539390 0.403274 0.021485 0.012698
0 0.473313 0.404492 0.020833 0.018061
0 0.457688 0.357875 0.022123 0.009747
0 0.468434 0.381787 0.017563 0.013658
0 0.489917 0.479670 0.018876 0.007321
0 0.507168 0.480647 0.014322 0.014157
0 0.349611 0.453657 0.013079 0.008405
0 0.383681 0.441057 0.012136 0.008403
0 0.384392 0.473251 0.017262 0.009102
0 0.385317 0.476947 0.023810 0.008755
0 0.387639 0.447533 0.016323 0.013653
0 0.387880 0.451208 0.013069 0.014702
0 0.313100 0.443507 0.015400 0.012346
0 0.315491 0.442315 0.009554 0.009963
0 0.324782 0.411647 0.026019 0.012346
0 0.375757 0.414831 0.020708 0.018700
0 0.375757 0.413837 0.011151 0.008760
0 0.529476 0.441307 0.014858 0.007168
0 0.453282 0.417221 0.014335 0.013142
0 0.343636 0.427376 0.024435 0.010357
0 0.341776 0.434547 0.011157 0.013544
0 0.341243 0.440320 0.009028 0.013938
0 0.334339 0.454656 0.020708 0.014735
0 0.331685 0.461427 0.021769 0.006768
0 0.319473 0.454059 0.017523 0.010355
0 0.393542 0.499066 0.007427 0.007954
0 0.376558 0.489301 0.013816 0.008353
0 0.385048 0.494482 0.021240 0.009955
0 0.378671 0.500856 0.018056 0.007564
0 0.340179 0.396505 0.015410 0.011562
0 0.347083 0.402886 0.009028 0.007567
0 0.350802 0.405270 0.013277 0.009152
0 0.356642 0.349519 0.010089 0.008363
0 0.498153 0.364454 0.013806 0.009559
0 0.449831 0.410650 0.018056 0.011151
0 0.458322 0.410449 0.008489 0.011543
0 0.511691 0.440761 0.017523 0.009945
0 0.530542 0.363692 0.011680 0.011957
0 0.514878 0.352546 0.016462 0.013539
0 0.520455 0.338807 0.015929 0.013140
0 0.443990 0.335621 0.023363 0.015533
0 0.460432 0.334701 0.014454 0.013008
0 0.545413 0.318442 0.016766 0.013442
0 0.528654 0.288088 0.014451 0.010848
0 0.500038 0.266632 0.010394 0.013869
0 0.516796 0.290910 0.012718 0.008671
0 0.521999 0.312155 0.016187 0.019945
0 0.495696 0.318876 0.021392 0.012574
0 0.470265 0.283327 0.020225 0.016902
0 0.491353 0.290914 0.016171 0.010399
0 0.485579 0.284406 0.026594 0.012140
0 0.470833 0.316274 0.022553 0.029050
0 0.478877 0.299779 0.015400 0.016329
0 0.468786 0.296990 0.016462 0.017125
0 0.569940 0.459079 0.011706 0.009159
0 0.566491 0.451110 0.022837 0.018713
0 0.591979 0.439364 0.019646 0.010355
0 0.595165 0.429009 0.015397 0.011947
0 0.612173 0.427830 0.013261 0.005580
0 0.613900 0.430908 0.006028 0.006989
0 0.619929 0.358757 0.024666 0.011503
0 0.603485 0.363899 0.014802 0.006989
0 0.626501 0.380141 0.014788 0.010680
0 0.639940 0.389802 0.023029 0.012738
0 0.633361 0.400902 0.015354 0.013574
0 0.645423 0.403156 0.017553 0.009859
0 0.619383 0.392266 0.013700 0.019323
0 0.611432 0.400693 0.013155 0.011510
0 0.596357 0.390005 0.021372 0.010689
0 0.597730 0.396993 0.017543 0.012334
0 0.595271 0.407473 0.022487 0.016850
0 0.588404 0.400696 0.023039 0.013147
0 0.387996 0.667107 0.015278 0.012810
0 0.371797 0.669965 0.012556 0.010466
0 0.378553 0.670985 0.016174 0.011801
0 0.388221 0.684477 0.010331 0.009777
0 0.376533 0.684473 0.018429 0.016520
0 0.373838 0.680596 0.012140 0.008093
0 0.783618 0.508635 0.019683 0.015136
0 0.682657 0.578253 0.020685 0.011818
0 0.800845 0.525443 0.022649 0.013286
0 0.813399 0.511406 0.023135 0.013289
0 0.827434 0.428110 0.012791 0.011438
0 0.807988 0.410392 0.019210 0.015873
0 0.784109 0.453052 0.014785 0.011808
0 0.778223 0.441761 0.014507 0.009881
0 0.796359 0.434596 0.020443 0.013353
0 0.779874 0.407145 0.009894 0.014836
0 0.902761 0.380619 0.015046 0.013361
0 0.905227 0.395265 0.022748 0.013874
0 0.903146 0.403776 0.015896 0.013976
0 0.906989 0.429878 0.018099 0.015213
0 0.930825 0.435846 0.023026 0.016453
0 0.911095 0.471565 0.018618 0.011533
0 0.887242 0.489655 0.040026 0.015620
0 0.877110 0.504867 0.013155 0.012339
0 0.868057 0.518428 0.013687 0.011508
