0 0.657870 0.239794 0.026058 0.014658
0 0.700856 0.233276 0.013750 0.011399
0 0.784458 0.320949 0.015939 0.010846
0 0.819196 0.304390 0.020271 0.008135
0 0.799282 0.379839 0.013737 0.017912
0 0.684616 0.297653 0.016594 0.011248
0 0.687978 0.288436 0.021399 0.010057
0 0.687330 0.283557 0.017550 0.010531
0 0.682060 0.390291 0.021065 0.008609
0 0.684931 0.432403 0.029345 0.010541
0 0.714616 0.411827 0.007672 0.012443
0 0.707110 0.421395 0.020106 0.004779
0 0.715719 0.381437 0.014375 0.010047
0 0.724821 0.364090 0.010212 0.014132
0 0.759921 0.364324 0.023611 0.016034
0 0.669780 0.511978 0.023932 0.023693
0 0.686062 0.521900 0.017560 0.011012
0 0.748289 0.383010 0.016141 0.013395
0 0.754646 0.415898 0.009888 0.013393
0 0.786397 0.415652 0.017219 0.008145
0 0.837136 0.402369 0.027447 0.011731
0 0.812728 0.417930 0.030952 0.009333
0 0.809377 0.419964 0.013403 0.005265
0 0.833151 0.439103 0.020734 0.006233
0 0.854687 0.449280 0.012126 0.009333
0 0.855807 0.433358 0.016905 0.008135
0 0.872401 0.434561 0.013730 0.006721
0 0.894730 0.478714 0.013720 0.005503
0 0.895529 0.486851 0.014041 0.016034
0 0.863624 0.488048 0.016601 0.009330
0 0.857226 0.500253 0.028075 0.009812
0 0.827090 0.471657 0.016918 0.007183
0 0.829315 0.495227 0.027083 0.016992
0 0.828363 0.497142 0.014358 0.009333
0 0.789912 0.471535 0.015956 0.006463
0 0.781457 0.480869 0.016273 0.012205
0 0.750513 0.455381 0.013724 0.011009
0 0.762001 0.471296 0.014345 0.009333
0 0.759276 0.475601 0.012136 0.009338
0 0.727211 0.455859 0.010526 0.008137
0 0.731366 0.467944 0.018816 0.014608
0 0.709185 0.481107 0.013403 0.013638
0 0.726415 0.486611 0.013399 0.008375
0 0.720827 0.492360 0.015622 0.009824
0 0.749233 0.496057 0.014365 0.012450
0 0.721313 0.509462 0.017890 0.019618
0 0.596247 0.532682 0.015972 0.011000
0 0.628472 0.511622 0.012765 0.008611
0 0.593360 0.503124 0.016594 0.012205
0 0.600385 0.506956 0.017880 0.018430
0 0.671376 0.530407 0.022659 0.023214
0 0.661644 0.511136 0.017864 0.008135
0 0.651592 0.519272 0.012444 0.013390
0 0.743487 0.508270 0.013720 0.017230
0 0.731521 0.520713 0.013399 0.009095
0 0.715724 0.526337 0.011144 0.010769
0 0.739020 0.529927 0.016273 0.005985
0 0.759916 0.514846 0.014031 0.011736
0 0.613505 0.491066 0.012209 0.010432
0 0.563806 0.527449 0.017956 0.011446
0 0.810924 0.535206 0.028482 0.007614
0 0.688972 0.476313 0.015245 0.013986
0 0.572293 0.498829 0.017979 0.011696
0 0.588070 0.481524 0.009507 0.015776
0 0.597055 0.491703 0.020017 0.010687
0 0.679663 0.480371 0.018981 0.017532
0 0.668968 0.473894 0.009160 0.011195
0 0.671004 0.476947 0.013231 0.009157
0 0.669648 0.465244 0.015942 0.017299
0 0.879418 0.532026 0.014246 0.005342
0 0.793965 0.572334 0.016435 0.016245
0 0.859664 0.562266 0.013872 0.016887
0 0.838434 0.552739 0.014150 0.008663
0 0.844641 0.554364 0.011551 0.013643
0 0.680337 0.650087 0.012143 0.008457
0 0.720899 0.628113 0.021098 0.018626
0 0.748198 0.627676 0.014451 0.016463
0 0.762918 0.635799 0.015017 0.008447
0 0.773019 0.605911 0.013300 0.010613
0 0.808401 0.587285 0.024547 0.011912
0 0.824425 0.596032 0.017950 0.013889
0 0.831772 0.604407 0.009795 0.011027
0 0.828781 0.607872 0.010341 0.015506
0 0.816536 0.608485 0.010883 0.008571
0 0.806738 0.604611 0.027199 0.017961
0 0.731648 0.558285 0.009792 0.006937
0 0.702535 0.578896 0.012517 0.012242
0 0.717234 0.549919 0.013614 0.014690
0 0.695460 0.543761 0.013604 0.011436
0 0.684580 0.558282 0.023393 0.019993
0 0.693013 0.554000 0.015238 0.012242
0 0.647029 0.536822 0.024487 0.014700
0 0.657920 0.548450 0.012533 0.013467
0 0.647583 0.564979 0.021237 0.008162
0 0.633426 0.568652 0.016872 0.012245
0 0.626896 0.578859 0.015784 0.005724
0 0.481339 0.676807 0.023962 0.019586
0 0.500384 0.632932 0.016310 0.010203
0 0.578585 0.688584 0.024497 0.018785
0 0.543948 0.676194 0.030886 0.013996
0 0.543950 0.679995 0.015982 0.014385
0 0.542080 0.651265 0.015443 0.014385
0 0.444583 0.671047 0.019722 0.016389
0 0.554613 0.638480 0.013856 0.015997
0 0.579105 0.640279 0.019170 0.015578
0 0.582310 0.639876 0.013853 0.010789
0 0.477892 0.644473 0.022391 0.012790
0 0.462166 0.635477 0.011184 0.009199
0 0.548740 0.608309 0.030893 0.021974
0 0.517584 0.601912 0.019726 0.029162
0 0.482688 0.580539 0.014914 0.015985
0 0.373729 0.635081 0.014382 0.011585
0 0.418485 0.616902 0.024008 0.016791
0 0.445921 0.614108 0.012788 0.007999
0 0.577247 0.610508 0.011187 0.005595
0 0.367068 0.623295 0.014917 0.009591
0 0.355898 0.622271 0.014970 0.017359
0 0.319802 0.602351 0.010899 0.010213
0 0.318896 0.576824 0.020873 0.008162
0 0.442725 0.585156 0.011706 0.018031
0 0.561729 0.553476 0.014200 0.015732
0 0.402027 0.582619 0.021581 0.017569
0 0.430089 0.579608 0.028380 0.030992
0 0.430392 0.567810 0.016650 0.010164
0 0.547555 0.553198 0.019117 0.012498
0 0.539846 0.527303 0.014798 0.012488
0 0.515182 0.549965 0.023433 0.025437
0 0.521348 0.549733 0.011101 0.011099
0 0.379826 0.582338 0.016650 0.008787
0 0.360400 0.559452 0.022189 0.017564
0 0.412500 0.551590 0.010450 0.017564
0 0.451047 0.517586 0.016028 0.009725
0 0.433168 0.531466 0.013565 0.014335
0 0.366877 0.575402 0.021584 0.021736
0 0.377670 0.561296 0.006167 0.006476
0 0.379519 0.566846 0.011101 0.012949
0 0.363795 0.530356 0.011716 0.011099
0 0.358553 0.532160 0.019732 0.023125
0 0.393695 0.507186 0.013581 0.008321
0 0.489902 0.494230 0.011088 0.012036
0 0.471090 0.485680 0.020347 0.015263
0 0.521817 0.508371 0.018046 0.018611
0 0.512118 0.509218 0.030228 0.010151
0 0.440415 0.498720 0.033409 0.029147
0 0.551533 0.464563 0.012741 0.015486
0 0.547287 0.479820 0.011538 0.017760
0 0.543947 0.492344 0.017001 0.017307
0 0.537264 0.463428 0.010923 0.008651
0 0.344182 0.497557 0.013356 0.008705
0 0.622882 0.484375 0.014573 0.012297
0 0.628042 0.476405 0.012751 0.009110
0 0.636237 0.473218 0.032791 0.015484
0 0.627444 0.463655 0.016409 0.010930
0 0.597379 0.463881 0.012146 0.011384
0 0.635934 0.450448 0.013965 0.010930
0 0.624702 0.453180 0.032791 0.013661
0 0.614684 0.453867 0.015182 0.015035
0 0.666599 0.366884 0.008502 0.011386
0 0.601030 0.442479 0.012159 0.009561
0 0.631687 0.417660 0.017606 0.010017
0 0.667206 0.367339 0.017004 0.016850
0 0.612252 0.428135 0.018816 0.013661
0 0.607702 0.438380 0.012143 0.011384
0 0.582472 0.446469 0.015136 0.011982
0 0.530344 0.454983 0.011772 0.011349
0 0.484740 0.459557 0.013859 0.006615
0 0.474439 0.463341 0.016802 0.014182
0 0.478218 0.470118 0.013452 0.012612
0 0.492720 0.465229 0.024805 0.009144
0 0.586887 0.424716 0.012192 0.012612
0 0.521306 0.463653 0.007989 0.009142
0 0.518998 0.468062 0.016832 0.009784
0 0.571954 0.438593 0.012626 0.008187
0 0.600966 0.415732 0.008413 0.005987
0 0.596976 0.422984 0.013032 0.011042
0 0.568178 0.419198 0.018499 0.009144
0 0.577846 0.428178 0.011769 0.015122
0 0.580160 0.409738 0.012192 0.016709
0 0.584778 0.409586 0.014702 0.012624
0 0.584573 0.420296 0.014292 0.006927
0 0.381744 0.466179 0.010519 0.011044
0 0.410946 0.440947 0.015146 0.009127
0 0.344542 0.440160 0.015989 0.014511
0 0.279716 0.487757 0.016693 0.011228
0 0.293810 0.500279 0.014960 0.016406
0 0.433614 0.457770 0.018419 0.008199
0 0.294378 0.458780 0.016468 0.010218
0 0.266796 0.422788 0.019901 0.013780
0 0.279431 0.436285 0.020701 0.013194
0 0.293965 0.422780 0.019147 0.018378
0 0.313889 0.412159 0.014550 0.020102
0 0.320008 0.430831 0.016068 0.019539
0 0.293977 0.452078 0.009957 0.008041
0 0.288232 0.449782 0.016849 0.011488
0 0.235379 0.472697 0.017841 0.017294
0 0.246913 0.467639 0.012192 0.016969
0 0.263229 0.473512 0.007404 0.020883
0 0.253866 0.471229 0.015668 0.014358
0 0.247133 0.478239 0.022176 0.012718
0 0.262138 0.393075 0.033932 0.010769
0 0.265835 0.382308 0.019580 0.017949
0 0.322275 0.493798 0.016680 0.006049
0 0.517958 0.435992 0.028700 0.018264
0 0.501434 0.433865 0.011313 0.008812
0 0.500780 0.428481 0.016098 0.009789
0 0.472500 0.435334 0.013485 0.009134
0 0.475111 0.434680 0.011749 0.005873
0 0.471847 0.440389 0.008700 0.012723
0 0.401792 0.411513 0.011296 0.008482
0 0.425069 0.416901 0.014345 0.008802
0 0.408333 0.402865 0.010450 0.014013
0 0.503390 0.411186 0.011739 0.012401
0 0.447912 0.406128 0.013039 0.010769
0 0.452707 0.412817 0.016524 0.010441
0 0.471849 0.415427 0.023499 0.007837
0 0.480324 0.401068 0.018717 0.016322
0 0.541678 0.422444 0.005658 0.013380
0 0.539062 0.416080 0.014368 0.009789
0 0.544724 0.409719 0.011749 0.008157
0 0.546465 0.407597 0.014358 0.009137
0 0.539499 0.402866 0.010017 0.010117
0 0.575174 0.401075 0.019593 0.006515
0 0.591062 0.398945 0.018274 0.011431
0 0.598016 0.389649 0.012169 0.009789
0 0.589974 0.371865 0.014358 0.009464
0 0.554944 0.395846 0.013922 0.010441
0 0.546896 0.385082 0.013482 0.010441
0 0.566918 0.386874 0.010013 0.008817
0 0.569527 0.387196 0.020470 0.016654
0 0.505995 0.391276 0.013472 0.012388
0 0.514479 0.383447 0.013039 0.010446
0 0.515359 0.388997 0.013919 0.008485
0 0.613244 0.310838 0.013062 0.009474
0 0.604977 0.328795 0.013922 0.010119
0 0.591715 0.325856 0.009137 0.010114
0 0.539071 0.353426 0.027414 0.016972
0 0.540809 0.348860 0.013489 0.009789
0 0.405498 0.372029 0.010003 0.007178
0 0.514484 0.363380 0.025265 0.019916
0 0.495772 0.358486 0.011319 0.012726
0 0.490774 0.372682 0.016971 0.014358
0 0.483813 0.369908 0.006528 0.008810
0 0.482067 0.370561 0.022202 0.010114
0 0.570612 0.319328 0.013922 0.007505
0 0.556475 0.328792 0.013479 0.011419
0 0.531010 0.333033 0.019130 0.014033
0 0.517966 0.331891 0.011310 0.009789
0 0.392874 0.373996 0.014319 0.015005
0 0.431597 0.366809 0.021329 0.009139
0 0.469236 0.336949 0.012619 0.008810
0 0.473454 0.351716 0.012517 0.005317
0 0.436855 0.343967 0.022586 0.013876
0 0.450046 0.355702 0.012526 0.014082
0 0.294406 0.335702 0.021769 0.008775
0 0.322841 0.343048 0.009524 0.008368
0 0.339435 0.370804 0.012798 0.009593
0 0.332773 0.358762 0.010883 0.014489
0 0.357259 0.356007 0.015774 0.007351
0 0.352503 0.351523 0.016052 0.008155
0 0.389229 0.335299 0.012255 0.007949
0 0.375354 0.328043 0.010602 0.015114
0 0.360665 0.294988 0.017163 0.007753
0 0.388558 0.314169 0.014683 0.009390
0 0.407460 0.282338 0.013320 0.010608
0 0.362837 0.268864 0.011693 0.017143
0 0.391958 0.234478 0.009524 0.007959
0 0.432908 0.251008 0.009798 0.008366
0 0.467877 0.238864 0.011151 0.010218
0 0.494676 0.247646 0.020701 0.007743
0 0.375357 0.346724 0.024762 0.007138
0 0.380392 0.346722 0.016326 0.009184
0 0.432358 0.327137 0.012533 0.009581
0 0.430058 0.321722 0.012232 0.010613
0 0.421751 0.306720 0.024487 0.019392
0 0.436845 0.312538 0.021481 0.013470
0 0.436591 0.298962 0.014980 0.008787
0 0.468552 0.282230 0.014683 0.014906
0 0.478079 0.275600 0.013062 0.008978
0 0.478628 0.279686 0.014702 0.006947
0 0.513042 0.282946 0.012791 0.006939
0 0.519168 0.281111 0.012523 0.009792
0 0.552098 0.275497 0.010354 0.010409
0 0.562432 0.273151 0.016326 0.006124
0 0.574540 0.274069 0.021495 0.013266
0 0.483135 0.308859 0.010317 0.013378
0 0.491769 0.310322 0.019788 0.012540
0 0.494139 0.310846 0.011147 0.015258
0 0.510306 0.313047 0.013383 0.007096
0 0.513223 0.314608 0.010856 0.008581
0 0.542907 0.303425 0.022321 0.015050
0 0.541237 0.302067 0.015046 0.012750
0 0.595020 0.275625 0.021733 0.004598
0 0.596138 0.274380 0.016720 0.010863
0 0.673628 0.201220 0.016171 0.009187
