0 0.400354 0.659002 0.016058 0.011153
0 0.527118 0.214844 0.018780 0.014807
0 0.517727 0.208180 0.015810 0.014821
0 0.524643 0.197443 0.017784 0.012604
0 0.538472 0.197438 0.015807 0.009633
0 0.558725 0.199660 0.012841 0.017039
0 0.582440 0.203734 0.018783 0.017785
0 0.661951 0.231892 0.017765 0.011860
0 0.658008 0.245603 0.017781 0.012584
0 0.653555 0.189286 0.032639 0.018502
0 0.701477 0.179289 0.019752 0.013346
0 0.723211 0.204843 0.015800 0.011124
0 0.720737 0.219294 0.022718 0.013336
0 0.782485 0.219293 0.023720 0.013338
0 0.767659 0.350806 0.013823 0.020005
0 0.863981 0.393038 0.018770 0.015561
0 0.781994 0.345250 0.026687 0.017783
0 0.697521 0.315613 0.015810 0.022227
0 0.851141 0.317836 0.024702 0.019263
0 0.734069 0.304504 0.033581 0.020754
0 0.750861 0.211146 0.017794 0.017778
0 0.703456 0.225959 0.027679 0.017790
0 0.368442 0.234035 0.017612 0.019554
0 0.381445 0.226695 0.032573 0.009869
0 0.369904 0.220362 0.010787 0.008532
0 0.370726 0.217919 0.009177 0.007812
0 0.366663 0.210492 0.027044 0.011456
0 0.378237 0.208968 0.007149 0.007798
0 0.369458 0.191972 0.016098 0.015595
0 0.372338 0.196226 0.013261 0.010920
0 0.371561 0.251042 0.013029 0.015575
0 0.484091 0.256088 0.021554 0.017086
0 0.405547 0.215337 0.013442 0.006409
0 0.379094 0.176421 0.013439 0.008547
0 0.405336 0.195192 0.021974 0.016788
0 0.424471 0.204041 0.013029 0.013738
0 0.434435 0.217774 0.015060 0.016798
0 0.424663 0.179473 0.014233 0.008549
0 0.422022 0.161923 0.017907 0.010682
0 0.430969 0.162841 0.009755 0.009462
0 0.467596 0.173983 0.021171 0.014038
0 0.498122 0.195334 0.016276 0.007299
0 0.487135 0.151700 0.017907 0.014650
0 0.495069 0.159025 0.015873 0.007937
0 0.495470 0.169041 0.025463 0.018018
0 0.536359 0.243424 0.020800 0.005464
0 0.544296 0.245079 0.015377 0.010337
0 0.600876 0.221279 0.027546 0.011505
0 0.615837 0.225568 0.013790 0.010734
0 0.610771 0.224793 0.007295 0.011525
0 0.610119 0.218251 0.015873 0.012098
0 0.575771 0.167417 0.023155 0.008782
0 0.577100 0.163938 0.023843 0.010169
0 0.599229 0.166694 0.018770 0.014826
0 0.609110 0.312649 0.018750 0.014831
0 0.266733 0.446354 0.016204 0.016220
0 0.277867 0.458011 0.014180 0.013170
0 0.233631 0.474978 0.013505 0.017728
0 0.266720 0.491188 0.027024 0.017728
0 0.226539 0.487641 0.024990 0.020769
0 0.230260 0.490685 0.012166 0.017738
0 0.244430 0.491435 0.020274 0.018222
0 0.201885 0.537875 0.013161 0.010987
0 0.274940 0.538154 0.010410 0.008991
0 0.262644 0.538626 0.011663 0.014668
0 0.225579 0.523960 0.011984 0.015613
0 0.235355 0.533304 0.019554 0.005913
0 0.235053 0.519583 0.006944 0.016796
0 0.239616 0.521951 0.011045 0.010171
0 0.250180 0.514382 0.015142 0.009231
0 0.262956 0.509998 0.012302 0.013239
0 0.193403 0.598239 0.015774 0.012302
0 0.218008 0.594692 0.018297 0.011354
0 0.234259 0.565947 0.014815 0.010665
0 0.249074 0.560033 0.011045 0.014908
0 0.247816 0.565713 0.016716 0.008752
0 0.268945 0.584164 0.023022 0.014906
0 0.307750 0.555425 0.012940 0.010404
0 0.268158 0.627104 0.015139 0.012294
0 0.287551 0.604865 0.015440 0.010409
0 0.338031 0.589139 0.024931 0.011602
0 0.318783 0.628876 0.017348 0.010174
0 0.280146 0.659983 0.018294 0.018924
0 0.331498 0.656318 0.021329 0.016322
0 0.356949 0.631241 0.024917 0.010171
0 0.273580 0.679702 0.020103 0.011181
0 0.291407 0.686028 0.016875 0.012160
0 0.311186 0.696734 0.020089 0.011195
0 0.339410 0.701596 0.012979 0.011178
0 0.369229 0.699647 0.014253 0.013132
0 0.368912 0.719103 0.012321 0.012160
0 0.383183 0.733207 0.038257 0.005352
0 0.415923 0.726885 0.014253 0.012153
0 0.410413 0.732969 0.017520 0.008745
0 0.425656 0.739287 0.016862 0.012646
0 0.438628 0.744638 0.018161 0.016538
0 0.443816 0.748529 0.019458 0.010699
0 0.455805 0.739531 0.011009 0.010213
0 0.464568 0.744395 0.020751 0.014107
0 0.477864 0.739530 0.021402 0.005350
0 0.442839 0.728100 0.018813 0.005853
0 0.444140 0.730533 0.014914 0.007783
0 0.451604 0.717398 0.014253 0.008755
0 0.427927 0.702809 0.013618 0.011674
0 0.404580 0.696977 0.018816 0.010709
0 0.405876 0.700377 0.022698 0.011672
0 0.410741 0.703538 0.009081 0.014105
0 0.416253 0.703786 0.012321 0.014601
0 0.469435 0.695756 0.023988 0.008269
0 0.456463 0.678002 0.017510 0.005836
0 0.522933 0.711079 0.012996 0.010699
0 0.520342 0.719103 0.019454 0.013132
0 0.495048 0.752178 0.018158 0.010213
0 0.505101 0.748529 0.017510 0.011672
0 0.505749 0.750475 0.017510 0.006808
0 0.521314 0.750718 0.018806 0.012160
0 0.512880 0.741720 0.008433 0.010702
0 0.516450 0.737343 0.014269 0.012646
0 0.575782 0.738070 0.014904 0.015079
0 0.604000 0.736612 0.024646 0.008269
0 0.639350 0.728101 0.016200 0.009725
0 0.578383 0.703052 0.022698 0.007294
0 0.532012 0.668519 0.016868 0.025779
0 0.651667 0.612098 0.034372 0.025779
0 0.574810 0.614292 0.016849 0.021391
0 0.638385 0.659273 0.010400 0.013140
0 0.635445 0.683357 0.021419 0.012651
0 0.609193 0.625474 0.012963 0.014588
0 0.616969 0.628878 0.018158 0.010702
0 0.662682 0.699407 0.017493 0.010709
0 0.658482 0.683110 0.022057 0.014087
0 0.654911 0.722509 0.008433 0.015077
0 0.661723 0.640067 0.022057 0.009747
0 0.692199 0.639335 0.010377 0.016052
0 0.701601 0.612340 0.012321 0.015563
0 0.686045 0.713756 0.022685 0.012170
0 0.685058 0.724452 0.023337 0.012158
0 0.684416 0.724939 0.016862 0.009244
0 0.733378 0.685785 0.016214 0.011674
0 0.738560 0.661223 0.016200 0.011186
0 0.713925 0.704018 0.022718 0.007292
0 0.713598 0.711807 0.022050 0.010216
0 0.765471 0.691375 0.022034 0.012165
0 0.781052 0.656598 0.023347 0.007790
0 0.779096 0.677032 0.020757 0.012651
0 0.783963 0.675335 0.020103 0.009251
0 0.808601 0.673624 0.013631 0.011682
0 0.824504 0.666327 0.012963 0.015561
0 0.837465 0.678247 0.016862 0.009241
0 0.811822 0.683233 0.014583 0.009968
0 0.819221 0.687645 0.015645 0.009601
0 0.837356 0.630043 0.017781 0.011734
0 0.863310 0.628172 0.018485 0.014390
0 0.784732 0.605243 0.019200 0.014400
0 0.823846 0.558042 0.020628 0.013867
0 0.918070 0.503374 0.015645 0.022934
0 0.854425 0.524974 0.014934 0.011734
0 0.761265 0.593243 0.026313 0.017066
0 0.749177 0.571908 0.023466 0.014933
0 0.785797 0.532701 0.018485 0.008011
0 0.779755 0.472706 0.022044 0.012803
0 0.777622 0.460706 0.019200 0.014402
0 0.765888 0.452708 0.021333 0.025060
0 0.920767 0.411099 0.017791 0.014410
0 0.873843 0.367635 0.016369 0.009596
0 0.794909 0.393237 0.019183 0.016002
0 0.777480 0.382837 0.018519 0.011210
0 0.764678 0.419110 0.012801 0.012277
0 0.472960 0.387545 0.022467 0.011964
0 0.570053 0.404386 0.023902 0.007607
0 0.541071 0.391345 0.021032 0.013043
0 0.525122 0.394604 0.022467 0.007607
0 0.674021 0.363087 0.018836 0.006520
0 0.676554 0.368793 0.015212 0.020107
0 0.681991 0.370694 0.018836 0.010868
0 0.631634 0.373140 0.021012 0.016845
0 0.622933 0.378574 0.010880 0.016845
0 0.626563 0.370694 0.016663 0.007609
0 0.610615 0.354118 0.019577 0.011406
0 0.515342 0.366618 0.017391 0.009239
0 0.577287 0.341345 0.016677 0.009769
0 0.573302 0.322325 0.023171 0.013053
0 0.521862 0.274511 0.015933 0.010868
0 0.507728 0.301682 0.023896 0.013041
0 0.509549 0.321788 0.021736 0.007614
0 0.511002 0.331298 0.034769 0.011411
0 0.475860 0.317986 0.018122 0.015218
0 0.429843 0.259293 0.021729 0.016305
0 0.432745 0.259567 0.024636 0.009239
0 0.450496 0.282119 0.022460 0.016302
0 0.454119 0.292986 0.013767 0.010868
0 0.446506 0.305485 0.018826 0.017388
0 0.435645 0.314452 0.013042 0.016845
0 0.384560 0.289458 0.015218 0.011406
0 0.397968 0.282933 0.023185 0.009234
0 0.395794 0.282662 0.020284 0.008693
0 0.405213 0.291900 0.017391 0.006523
0 0.390714 0.304127 0.015952 0.013586
0 0.403401 0.303578 0.019560 0.012488
0 0.399778 0.299779 0.006521 0.012500
0 0.755440 0.429239 0.018485 0.008001
0 0.730896 0.399898 0.014927 0.016523
0 0.710278 0.400971 0.017778 0.013336
0 0.702803 0.416166 0.024190 0.011746
0 0.663702 0.422836 0.015651 0.014397
0 0.653385 0.447375 0.022047 0.016525
0 0.630637 0.483106 0.022060 0.015469
0 0.632765 0.484706 0.019200 0.014402
0 0.394109 0.668373 0.014276 0.011151
0 0.404815 0.658333 0.023796 0.010709
0 0.412784 0.646740 0.026892 0.016049
0 0.470863 0.637485 0.019451 0.014216
0 0.412783 0.656868 0.021809 0.007465
0 0.425346 0.659179 0.009957 0.014221
0 0.437432 0.655268 0.028442 0.017778
0 0.436959 0.651890 0.017067 0.020268
0 0.444777 0.665915 0.019448 0.014896
0 0.441617 0.665718 0.009821 0.010528
0 0.442963 0.658440 0.011263 0.006354
0 0.452098 0.656732 0.016306 0.006669
0 0.433601 0.617950 0.017526 0.013772
0 0.421918 0.612630 0.012520 0.014397
0 0.438191 0.591660 0.011687 0.011267
0 0.414406 0.585402 0.014190 0.016275
0 0.351718 0.456647 0.026862 0.031136
0 0.400721 0.567409 0.015939 0.017388
0 0.512302 0.604368 0.015939 0.011964
0 0.532227 0.595396 0.015215 0.013584
0 0.531506 0.581267 0.013773 0.013586
0 0.578242 0.567414 0.011577 0.008688
0 0.602507 0.574745 0.019563 0.016850
0 0.626417 0.579365 0.012318 0.008695
0 0.643085 0.567682 0.016673 0.012498
0 0.630400 0.551105 0.013049 0.018480
0 0.592728 0.533447 0.013036 0.012500
0 0.598153 0.550564 0.015202 0.016302
0 0.522442 0.532357 0.026081 0.017939
0 0.512302 0.540782 0.014491 0.016302
0 0.496721 0.539964 0.019567 0.010335
0 0.466653 0.542413 0.013042 0.010868
0 0.456149 0.543228 0.015215 0.011411
0 0.470283 0.511168 0.024626 0.016850
0 0.470284 0.518497 0.026098 0.017401
0 0.502879 0.466338 0.031875 0.014125
0 0.538029 0.478294 0.012302 0.013036
0 0.564464 0.469593 0.020278 0.014137
0 0.598886 0.482909 0.021012 0.014673
0 0.398547 0.478563 0.017391 0.015756
0 0.397459 0.484821 0.018112 0.011954
0 0.603877 0.467149 0.016650 0.019020
0 0.596280 0.451115 0.023181 0.015226
0 0.619461 0.420688 0.023181 0.016302
0 0.581779 0.438346 0.018849 0.012505
0 0.552434 0.446773 0.026825 0.010868
0 0.558241 0.453022 0.010860 0.016848
0 0.588380 0.417971 0.027533 0.019563
0 0.665544 0.397594 0.025360 0.019018
0 0.669891 0.404386 0.022460 0.008693
0 0.668079 0.396780 0.014491 0.014129
0 0.402315 0.445143 0.015939 0.015216
0 0.365365 0.425041 0.020281 0.014120
0 0.397235 0.413890 0.034762 0.014685
0 0.362826 0.403297 0.013767 0.013038
0 0.330946 0.395420 0.035503 0.010325
0 0.324420 0.376944 0.012331 0.014673
0 0.319712 0.364448 0.015946 0.016843
0 0.329135 0.359561 0.017391 0.021205
0 0.328047 0.346241 0.016663 0.013043
0 0.420430 0.369882 0.014497 0.015756
0 0.376951 0.352223 0.015939 0.014120
0 0.471872 0.382922 0.018836 0.016845
0 0.248492 0.447374 0.017566 0.018234
0 0.239709 0.445601 0.013505 0.011649
0 0.259635 0.415714 0.014177 0.015704
0 0.260308 0.425847 0.015536 0.015702
0 0.276179 0.421794 0.014858 0.014690
0 0.279894 0.468140 0.012831 0.015198
0 0.214051 0.454970 0.018922 0.011141
0 0.178588 0.488655 0.019610 0.015702
0 0.166777 0.467381 0.017550 0.014688
0 0.231943 0.416730 0.027688 0.016714
0 0.209997 0.424835 0.024319 0.017726
0 0.207968 0.426607 0.016207 0.014182
0 0.199863 0.419515 0.016207 0.016208
0 0.191754 0.412677 0.017569 0.006585
0 0.271450 0.390897 0.016207 0.010637
0 0.224851 0.393433 0.020271 0.012659
0 0.183013 0.355267 0.013710 0.013609
0 0.174686 0.312351 0.022983 0.006101
0 0.381913 0.266515 0.017397 0.006111
0 0.352465 0.255267 0.017034 0.010831
0 0.344509 0.275822 0.012239 0.015831
0 0.229129 0.277070 0.017781 0.012225
0 0.318391 0.286236 0.019256 0.013891
0 0.283573 0.263178 0.010367 0.014452
0 0.841766 0.455109 0.020503 0.019990
0 0.289582 0.239194 0.020374 0.012634
0 0.292244 0.218256 0.018614 0.018606
0 0.254572 0.379499 0.014864 0.015198
0 0.183656 0.396727 0.013509 0.016218
0 0.211675 0.375198 0.019573 0.014683
0 0.166096 0.382794 0.016207 0.015702
0 0.171835 0.380768 0.012831 0.011649
0 0.167445 0.375450 0.017556 0.009120
0 0.161367 0.374182 0.009454 0.008611
0 0.163056 0.375955 0.018234 0.015193
0 0.153940 0.387098 0.021610 0.018234
0 0.130303 0.365319 0.013509 0.012155
0 0.128952 0.367851 0.013505 0.008103
0 0.122874 0.378741 0.008102 0.007597
0 0.127264 0.381780 0.014183 0.018743
0 0.353390 0.309459 0.011481 0.014167
0 0.348390 0.310570 0.018519 0.009167
0 0.327277 0.314315 0.022960 0.013899
0 0.306723 0.311682 0.024074 0.011389
0 0.292444 0.310259 0.021462 0.013624
0 0.262464 0.322904 0.017778 0.012778
