0 0.787292 0.381007 0.014557 0.011463
0 0.598509 0.518051 0.016693 0.012520
0 0.584730 0.498026 0.017543 0.012530
0 0.509061 0.488033 0.011640 0.009896
0 0.509835 0.487887 0.010093 0.007277
0 0.500518 0.493274 0.009315 0.010481
0 0.489261 0.505210 0.010870 0.018633
0 0.490427 0.497205 0.010086 0.014266
0 0.501290 0.513653 0.011640 0.007569
0 0.529058 0.524282 0.012017 0.013098
0 0.536045 0.491818 0.020569 0.009901
0 0.478778 0.484975 0.011644 0.008442
0 0.436858 0.505215 0.013981 0.009908
0 0.463639 0.494292 0.015526 0.010191
0 0.528079 0.526610 0.008538 0.013686
0 0.505754 0.542768 0.017460 0.016885
0 0.396670 0.541456 0.018234 0.010193
0 0.405787 0.564163 0.011640 0.016024
0 0.428889 0.549028 0.016706 0.011354
0 0.455293 0.520060 0.016690 0.012227
0 0.472189 0.536357 0.023280 0.008140
0 0.478391 0.532723 0.013198 0.010774
0 0.481303 0.531414 0.011257 0.010481
0 0.487707 0.529521 0.009315 0.007862
0 0.165294 0.582837 0.015112 0.016915
0 0.287979 0.585858 0.012811 0.008735
0 0.314378 0.579017 0.012811 0.010771
0 0.321286 0.601625 0.021356 0.009375
0 0.302796 0.602211 0.015625 0.015236
0 0.331703 0.614907 0.009894 0.013281
0 0.362434 0.585020 0.023413 0.012103
0 0.357999 0.643031 0.013552 0.010937
0 0.334048 0.700257 0.012500 0.012889
0 0.485103 0.690491 0.014583 0.020704
0 0.522586 0.708656 0.014550 0.024206
0 0.398104 0.655928 0.014573 0.011706
0 0.384309 0.638936 0.016171 0.022277
0 0.451496 0.651625 0.018237 0.012500
0 0.430398 0.639515 0.013542 0.022656
0 0.497586 0.656703 0.014583 0.011719
0 0.402538 0.596548 0.021346 0.009375
0 0.363480 0.622325 0.017173 0.012507
0 0.365291 0.614519 0.017698 0.014058
0 0.449678 0.618425 0.014600 0.009380
0 0.419478 0.591079 0.012500 0.015625
0 0.428836 0.615102 0.008333 0.005858
0 0.434565 0.616274 0.011458 0.012111
0 0.351857 0.467561 0.015122 0.009983
0 0.298022 0.537204 0.015132 0.011342
0 0.362743 0.437161 0.017550 0.007259
0 0.389964 0.424229 0.013922 0.008626
0 0.424148 0.400413 0.010890 0.009983
0 0.433214 0.398368 0.013320 0.005893
0 0.500661 0.385454 0.022354 0.009995
0 0.412351 0.379315 0.032063 0.006806
0 0.481741 0.381075 0.014494 0.006114
0 0.445511 0.345409 0.008151 0.014266
0 0.438259 0.348466 0.015407 0.010191
0 0.423545 0.344561 0.014041 0.008492
0 0.428079 0.334886 0.014028 0.011538
0 0.388219 0.348296 0.013132 0.009172
0 0.503704 0.340993 0.024934 0.011550
0 0.468386 0.320945 0.012235 0.007465
0 0.430274 0.313589 0.031296 0.013100
0 0.324732 0.503562 0.012374 0.016379
0 0.305445 0.489640 0.014560 0.010372
0 0.281425 0.474355 0.017467 0.009281
0 0.251582 0.481453 0.017470 0.011463
0 0.248307 0.489914 0.015284 0.013103
0 0.238482 0.491006 0.011647 0.007641
0 0.217374 0.500286 0.014557 0.016376
0 0.340382 0.391922 0.018925 0.013656
0 0.206090 0.413492 0.016743 0.010913
0 0.406109 0.344901 0.010870 0.011210
0 0.402485 0.349485 0.010870 0.008152
0 0.814587 0.403390 0.026931 0.010372
0 0.806581 0.391106 0.013829 0.009826
0 0.635648 0.521176 0.017526 0.013780
0 0.750170 0.369816 0.011644 0.014191
0 0.736705 0.364085 0.016743 0.012555
0 0.830595 0.424680 0.012381 0.013646
0 0.832421 0.373638 0.014557 0.010918
0 0.836066 0.441881 0.020394 0.012021
0 0.781104 0.458797 0.013829 0.010918
0 0.779663 0.452515 0.012368 0.016935
0 0.602816 0.349788 0.015579 0.014606
0 0.569153 0.323915 0.022811 0.012101
0 0.574719 0.330175 0.012798 0.008762
0 0.643714 0.315151 0.013909 0.012937
0 0.813194 0.242535 0.012235 0.011260
0 0.457293 0.313466 0.016822 0.012617
0 0.439501 0.288719 0.014881 0.009705
0 0.291353 0.376550 0.016171 0.011632
0 0.301367 0.377034 0.009058 0.007763
0 0.547232 0.302791 0.019425 0.010677
0 0.740360 0.337243 0.017493 0.009705
0 0.875243 0.312737 0.023304 0.010196
0 0.873624 0.368307 0.012275 0.014541
0 0.881729 0.323652 0.012930 0.014566
0 0.835136 0.289685 0.019411 0.006801
0 0.830929 0.294294 0.018763 0.007289
0 0.776582 0.285809 0.013588 0.013586
0 0.772057 0.277560 0.012302 0.007763
0 0.748437 0.282412 0.019408 0.012617
0 0.786290 0.265185 0.025238 0.013103
0 0.898540 0.262032 0.012940 0.010677
0 0.763643 0.255238 0.022642 0.008735
0 0.567928 0.242863 0.015526 0.010191
0 0.573428 0.238740 0.016174 0.013586
0 0.304602 0.294542 0.020704 0.018440
0 0.298132 0.300608 0.018115 0.007277
0 0.290370 0.296236 0.023294 0.009214
0 0.532341 0.294779 0.012963 0.014063
0 0.591867 0.278286 0.016822 0.012133
0 0.659153 0.311040 0.014233 0.009705
0 0.641362 0.268338 0.018763 0.011647
0 0.655913 0.268578 0.016812 0.013093
0 0.598013 0.223697 0.008413 0.011644
0 0.602217 0.216904 0.012940 0.012617
0 0.597042 0.218358 0.009058 0.007763
0 0.776257 0.249905 0.011640 0.016510
0 0.340182 0.291873 0.020694 0.016984
0 0.337922 0.251598 0.020056 0.013103
0 0.781429 0.161101 0.015516 0.012619
0 0.647179 0.222876 0.008426 0.011282
0 0.593479 0.205047 0.009934 0.007664
0 0.580542 0.220626 0.011138 0.008564
0 0.644468 0.186865 0.029180 0.008953
0 0.607989 0.187113 0.013254 0.011438
0 0.458775 0.169208 0.018562 0.010444
0 0.545324 0.162991 0.016581 0.013929
0 0.523763 0.200042 0.013247 0.008447
0 0.609325 0.171693 0.019907 0.008450
0 0.400083 0.265704 0.024570 0.010456
0 0.582776 0.109484 0.017470 0.010481
0 0.433264 0.622329 0.014061 0.007812
0 0.456710 0.636787 0.013036 0.010925
0 0.451496 0.629756 0.018237 0.018738
0 0.634565 0.733067 0.019792 0.008991
0 0.685086 0.727600 0.025000 0.008986
0 0.700701 0.728971 0.024987 0.010164
0 0.740036 0.712366 0.024491 0.011329
0 0.656959 0.719007 0.016663 0.010548
0 0.661913 0.710410 0.023429 0.010553
0 0.802270 0.705531 0.009375 0.007812
0 0.642690 0.680423 0.013886 0.018013
0 0.532477 0.653998 0.013353 0.010804
0 0.526862 0.636786 0.016025 0.010804
0 0.539144 0.627980 0.012811 0.010007
0 0.537545 0.635381 0.011749 0.009596
0 0.543681 0.639790 0.018684 0.018415
0 0.564767 0.667412 0.018151 0.012011
0 0.770271 0.679823 0.014947 0.015211
0 0.574105 0.661407 0.015479 0.008807
0 0.609072 0.634985 0.019223 0.012009
0 0.641100 0.598359 0.014957 0.011615
0 0.719296 0.604360 0.017626 0.010010
0 0.740642 0.593152 0.013347 0.010809
0 0.761725 0.602960 0.017080 0.008807
0 0.400060 0.494897 0.003360 0.014601
0 0.579717 0.560124 0.016028 0.012009
0 0.475357 0.545713 0.014411 0.009606
0 0.636293 0.564531 0.019213 0.011205
0 0.523694 0.606140 0.012731 0.007468
0 0.508368 0.611819 0.021101 0.014015
0 0.548962 0.582867 0.017110 0.007460
0 0.493375 0.584716 0.009739 0.008762
0 0.575685 0.385894 0.011495 0.009983
0 0.607133 0.364570 0.010298 0.009075
0 0.436065 0.571988 0.011964 0.007512
0 0.434395 0.583881 0.006958 0.018780
0 0.434534 0.597548 0.005007 0.004382
0 0.449418 0.597340 0.021978 0.017736
0 0.466930 0.579405 0.011379 0.011042
0 0.472085 0.612362 0.013899 0.011059
0 0.477239 0.620500 0.018082 0.014814
0 0.521890 0.590766 0.016134 0.009598
0 0.489481 0.568337 0.013075 0.008554
0 0.564115 0.559783 0.014170 0.011689
0 0.553252 0.566336 0.015116 0.009918
0 0.475559 0.557657 0.013697 0.008857
0 0.456002 0.570512 0.013968 0.011094
0 0.455592 0.566198 0.013968 0.013557
0 0.453127 0.569278 0.012325 0.007396
0 0.649721 0.630905 0.010281 0.006161
0 0.733385 0.413624 0.014315 0.010729
0 0.610468 0.365931 0.009679 0.006352
0 0.556328 0.375911 0.018753 0.008167
0 0.533937 0.393833 0.012715 0.011342
0 0.505813 0.443741 0.015728 0.009526
0 0.370610 0.453496 0.012702 0.009075
0 0.483978 0.407220 0.021462 0.009578
0 0.496068 0.418508 0.012771 0.012999
0 0.491280 0.422099 0.009577 0.015394
0 0.504507 0.416798 0.014140 0.009578
0 0.511116 0.409277 0.021882 0.015727
0 0.680344 0.393025 0.013684 0.012661
0 0.659135 0.448100 0.010493 0.009921
0 0.532343 0.435099 0.015942 0.008552
0 0.473313 0.436462 0.010780 0.013286
0 0.444056 0.449886 0.010010 0.006642
0 0.404382 0.448207 0.014319 0.012798
0 0.427239 0.464333 0.013651 0.012287
0 0.458978 0.425428 0.015701 0.016381
0 0.456772 0.432338 0.017381 0.017919
0 0.658831 0.441860 0.013740 0.008160
0 0.580959 0.441217 0.010304 0.009447
0 0.585255 0.458178 0.018896 0.010737
0 0.636787 0.445510 0.015460 0.009447
0 0.606726 0.434774 0.014888 0.011166
0 0.612164 0.440357 0.013171 0.012882
0 0.416567 0.495202 0.030026 0.008137
0 0.521417 0.449802 0.011465 0.011161
0 0.530856 0.452166 0.018896 0.007299
0 0.504813 0.459897 0.011472 0.012453
0 0.499653 0.464406 0.016032 0.013743
0 0.389717 0.471063 0.014884 0.010737
0 0.393436 0.477933 0.010880 0.009878
0 0.435265 0.482656 0.015516 0.014172
0 0.419071 0.490193 0.021713 0.010645
0 0.141971 0.591288 0.016693 0.016277
0 0.651091 0.509598 0.015013 0.016915
