0 0.717292 0.614652 0.016885 0.014010
0 0.567677 0.619055 0.024567 0.006820
0 0.557472 0.627509 0.012093 0.009070
0 0.547021 0.633488 0.018856 0.011620
0 0.622480 0.631462 0.027183 0.023653
0 0.608309 0.628962 0.017027 0.009065
0 0.617692 0.606758 0.011415 0.008780
0 0.602260 0.591267 0.009190 0.009578
0 0.596070 0.594425 0.016154 0.007183
0 0.623302 0.598342 0.019931 0.008197
0 0.592824 0.590365 0.008135 0.006176
0 0.595876 0.591486 0.016157 0.011900
0 0.599653 0.584986 0.011343 0.004000
0 0.625043 0.578847 0.013095 0.009003
0 0.634972 0.583895 0.013092 0.009819
0 0.655390 0.574990 0.023743 0.011652
0 0.547875 0.609276 0.024851 0.012649
0 0.562189 0.588306 0.010423 0.009320
0 0.579719 0.576822 0.018862 0.010985
0 0.517361 0.629747 0.015754 0.007321
0 0.505608 0.627166 0.011746 0.006823
0 0.622457 0.546364 0.035503 0.013646
0 0.596493 0.548118 0.019970 0.012495
0 0.557963 0.556846 0.021508 0.015970
0 0.527464 0.575827 0.022652 0.008663
0 0.501520 0.595046 0.013753 0.006823
0 0.510172 0.595714 0.010212 0.007827
0 0.505288 0.588056 0.021753 0.012148
0 0.492748 0.621503 0.009107 0.015823
0 0.451564 0.636404 0.012870 0.009320
0 0.452348 0.633735 0.014881 0.012639
0 0.443684 0.640312 0.014418 0.007163
0 0.526685 0.706311 0.016207 0.009998
0 0.526121 0.703392 0.024861 0.009487
0 0.543552 0.704062 0.014881 0.009812
0 0.515394 0.725526 0.027282 0.018810
0 0.524157 0.747247 0.030192 0.019643
0 0.503290 0.741927 0.009358 0.007316
0 0.607814 0.809831 0.012877 0.009643
0 0.606814 0.823224 0.029071 0.010818
0 0.626235 0.824802 0.014659 0.008333
0 0.528656 0.832454 0.015175 0.013321
0 0.543457 0.776037 0.021749 0.017649
0 0.523813 0.802917 0.028168 0.016151
0 0.605704 0.836446 0.012202 0.006324
0 0.656964 0.852101 0.025966 0.006324
0 0.669931 0.858087 0.012414 0.008976
0 0.675139 0.873986 0.015311 0.005491
0 0.683348 0.859756 0.016200 0.009318
0 0.617244 0.861171 0.025076 0.008155
0 0.547874 0.849852 0.026627 0.007155
0 0.545250 0.849509 0.009964 0.014226
0 0.530903 0.857068 0.018684 0.010020
0 0.515233 0.816422 0.017503 0.011119
0 0.492512 0.809132 0.020169 0.012212
0 0.475020 0.803584 0.022593 0.010937
0 0.445729 0.795552 0.014097 0.008018
0 0.407693 0.811866 0.023568 0.010389
0 0.389833 0.830548 0.021392 0.015312
0 0.384969 0.791820 0.018952 0.013681
0 0.368361 0.788734 0.016405 0.016853
0 0.335729 0.757840 0.027464 0.009092
0 0.333406 0.754368 0.010000 0.018199
0 0.353927 0.764387 0.011789 0.015769
0 0.401354 0.779907 0.018185 0.011500
0 0.337515 0.801436 0.016769 0.015521
0 0.357123 0.814814 0.012474 0.009092
0 0.341086 0.766527 0.016035 0.011491
0 0.363905 0.780041 0.018902 0.008023
0 0.350184 0.782587 0.017100 0.011513
0 0.432556 0.756770 0.010701 0.011233
0 0.430060 0.754489 0.032097 0.006696
0 0.427743 0.744466 0.015334 0.006952
0 0.439155 0.722799 0.017477 0.012304
0 0.436303 0.722398 0.023181 0.013641
0 0.377105 0.725335 0.027470 0.016840
0 0.398305 0.718253 0.012153 0.007488
0 0.396539 0.704076 0.028528 0.008559
0 0.409740 0.704617 0.020671 0.013385
0 0.439689 0.700600 0.022824 0.024072
0 0.414020 0.691766 0.037106 0.008036
0 0.443079 0.706083 0.027460 0.018991
0 0.448241 0.688161 0.018532 0.008291
0 0.427216 0.679201 0.019246 0.013909
0 0.388869 0.684953 0.009630 0.014177
0 0.368186 0.705418 0.021763 0.013366
0 0.346609 0.705816 0.024970 0.009896
0 0.336806 0.705816 0.021759 0.006687
0 0.297748 0.715043 0.017831 0.014978
0 0.309694 0.720794 0.017477 0.013641
0 0.344468 0.665561 0.017116 0.010699
0 0.347854 0.673854 0.034597 0.029950
0 0.346964 0.685888 0.013552 0.007490
0 0.373178 0.680539 0.013194 0.008559
0 0.372285 0.674252 0.009987 0.012036
0 0.309337 0.677997 0.011769 0.013108
0 0.299565 0.679304 0.014362 0.011828
0 0.273914 0.656132 0.014243 0.013281
0 0.269678 0.655987 0.014243 0.019921
0 0.245810 0.637366 0.016554 0.015590
0 0.233882 0.611672 0.013466 0.009816
0 0.295084 0.531989 0.014243 0.016166
0 0.453912 0.648637 0.021217 0.008336
0 0.409590 0.657546 0.021958 0.010975
0 0.457189 0.588399 0.010093 0.016292
0 0.391655 0.596915 0.025506 0.012143
0 0.333687 0.620114 0.015655 0.010069
0 0.357804 0.591150 0.015410 0.019501
0 0.412864 0.579129 0.011376 0.018576
0 0.365893 0.568033 0.014392 0.019896
0 0.431815 0.556473 0.021964 0.009673
0 0.355407 0.547103 0.007573 0.015913
0 0.384074 0.549187 0.007831 0.018943
0 0.409458 0.541323 0.023743 0.007383
0 0.419051 0.507231 0.016660 0.011183
0 0.419807 0.502111 0.019183 0.007386
0 0.374339 0.525413 0.007077 0.017240
0 0.378647 0.512815 0.027269 0.012882
0 0.420572 0.469056 0.013638 0.014397
0 0.421715 0.465084 0.017946 0.012113
0 0.307593 0.520430 0.017156 0.012269
0 0.365642 0.481530 0.024735 0.014668
0 0.371531 0.467117 0.021224 0.016362
0 0.373332 0.618707 0.023251 0.019705
0 0.382181 0.626948 0.020711 0.014209
0 0.393915 0.616985 0.012368 0.012507
0 0.378915 0.376497 0.014874 0.019125
0 0.412913 0.416978 0.026753 0.014660
0 0.377426 0.449490 0.010208 0.007651
0 0.501528 0.512763 0.017851 0.013705
0 0.441187 0.453475 0.014451 0.013070
0 0.470929 0.441204 0.011898 0.016575
0 0.516402 0.459058 0.019577 0.014673
0 0.553158 0.469730 0.021660 0.016245
0 0.536381 0.514356 0.018707 0.012433
0 0.532130 0.498100 0.019544 0.030283
0 0.551670 0.442163 0.017824 0.014038
0 0.602474 0.455702 0.019960 0.011801
0 0.618399 0.461601 0.018690 0.011471
0 0.636885 0.455709 0.013188 0.025188
0 0.621381 0.440565 0.019547 0.009563
0 0.638373 0.444071 0.018690 0.015300
0 0.732981 0.605118 0.014831 0.012626
0 0.748219 0.595650 0.018046 0.015942
0 0.741194 0.588131 0.009610 0.018341
0 0.714945 0.593087 0.019646 0.014422
0 0.713938 0.580764 0.017639 0.009018
0 0.717743 0.571745 0.015645 0.018038
0 0.821776 0.603769 0.025628 0.010513
0 0.810756 0.615795 0.015625 0.009913
0 0.815757 0.584375 0.017626 0.010813
0 0.811161 0.568139 0.022057 0.012021
0 0.744410 0.560620 0.039289 0.010823
0 0.744406 0.549648 0.013634 0.014127
0 0.736189 0.521985 0.020446 0.016535
0 0.733786 0.527243 0.021250 0.018033
0 0.751224 0.522148 0.014418 0.023462
0 0.749418 0.513266 0.014835 0.012927
0 0.760240 0.511314 0.010823 0.018046
0 0.681068 0.524085 0.021647 0.005699
0 0.689501 0.508309 0.016832 0.015030
0 0.660423 0.509058 0.030866 0.015332
0 0.654006 0.498384 0.013237 0.009621
0 0.664635 0.487711 0.028866 0.015332
0 0.702315 0.477940 0.009623 0.012026
0 0.702723 0.471326 0.016048 0.014432
0 0.795919 0.507402 0.018042 0.012626
0 0.783899 0.501842 0.018049 0.008118
0 0.770465 0.493874 0.015235 0.009623
0 0.748611 0.496880 0.014021 0.008418
0 0.730377 0.479743 0.015238 0.011426
0 0.732778 0.484702 0.025648 0.023750
0 0.694096 0.460501 0.014031 0.009018
0 0.694101 0.431938 0.024444 0.012026
0 0.690289 0.440809 0.027259 0.009320
0 0.712930 0.433593 0.018056 0.019541
0 0.753819 0.468018 0.010020 0.018641
0 0.723760 0.466063 0.016435 0.012929
0 0.735379 0.446525 0.022034 0.014142
0 0.742201 0.438858 0.014031 0.009611
0 0.727374 0.421716 0.019656 0.013229
0 0.776954 0.443344 0.022758 0.024015
0 0.841204 0.742899 0.018419 0.010015
0 0.848566 0.765692 0.018429 0.009325
0 0.886789 0.755332 0.011052 0.018304
0 0.883340 0.742387 0.016124 0.011753
0 0.904977 0.735301 0.017956 0.010017
0 0.922467 0.713373 0.014259 0.020724
0 0.891624 0.698867 0.019802 0.020719
0 0.941581 0.704051 0.021190 0.013807
0 0.933061 0.672106 0.018866 0.013477
0 0.877578 0.677113 0.025790 0.011746
0 0.887941 0.668130 0.017040 0.020030
0 0.871364 0.666405 0.025327 0.009670
0 0.873666 0.653626 0.015195 0.022103
0 0.872285 0.647928 0.020721 0.012086
0 0.944808 0.651554 0.011971 0.017959
0 0.814026 0.638429 0.023006 0.021406
0 0.787550 0.665885 0.016104 0.021066
0 0.927540 0.656907 0.020721 0.010704
0 0.925007 0.652072 0.023022 0.020375
0 0.966220 0.654663 0.018882 0.008289
0 0.946195 0.630316 0.022087 0.014154
0 0.895073 0.603903 0.013823 0.014516
0 0.971978 0.620991 0.020265 0.013470
0 0.927770 0.611321 0.015658 0.014159
0 0.923170 0.566426 0.021187 0.018304
0 0.956531 0.495288 0.016104 0.016220
0 0.956088 0.511343 0.028089 0.010360
0 0.902219 0.539311 0.015205 0.016567
0 0.879653 0.539143 0.028089 0.006560
0 0.838907 0.545362 0.015645 0.016915
0 0.848110 0.519630 0.012894 0.007599
0 0.861693 0.552613 0.017037 0.012780
0 0.851572 0.527227 0.026227 0.061468
0 0.928039 0.510668 0.026197 0.014735
0 0.822851 0.503123 0.032738 0.019053
0 0.834987 0.490538 0.015476 0.011632
0 0.916055 0.497726 0.022983 0.010432
0 0.899058 0.485444 0.040377 0.005759
0 0.937465 0.461013 0.026518 0.013891
0 0.929479 0.474067 0.021405 0.015094
0 0.925969 0.474179 0.023631 0.011017
0 0.861591 0.488752 0.022983 0.009945
0 0.814699 0.484190 0.013261 0.024080
0 0.832827 0.475211 0.017903 0.008259
0 0.828294 0.458197 0.021865 0.014509
0 0.852804 0.464544 0.022983 0.016176
0 0.873252 0.471073 0.007993 0.014854
0 0.863902 0.460475 0.007183 0.007061
0 0.837469 0.444421 0.015017 0.011610
0 0.841224 0.448364 0.011019 0.008038
0 0.772500 0.361874 0.014570 0.013167
0 0.771572 0.357667 0.016425 0.010375
0 0.881187 0.372238 0.015298 0.010365
0 0.836567 0.343382 0.014960 0.015414
0 0.763178 0.384700 0.010086 0.016820
0 0.697983 0.379245 0.020172 0.013733
0 0.684828 0.375353 0.016190 0.015166
0 0.881237 0.451724 0.012460 0.011860
0 0.827821 0.407328 0.015933 0.011560
0 0.835005 0.408601 0.025599 0.007054
0 0.838269 0.402529 0.015936 0.010186
0 0.843846 0.392974 0.022493 0.015114
0 0.771759 0.418736 0.024272 0.010935
0 0.906779 0.394364 0.019444 0.017101
0 0.890728 0.414260 0.015701 0.026054
0 0.880446 0.405856 0.012321 0.009807
0 0.872049 0.388628 0.014931 0.010640
0 0.673854 0.378216 0.010625 0.021659
0 0.667659 0.394991 0.012963 0.007736
0 0.658972 0.383278 0.013247 0.019229
0 0.591334 0.420848 0.012371 0.013482
0 0.497629 0.433446 0.012963 0.010389
0 0.504406 0.431679 0.018271 0.014365
0 0.552298 0.415774 0.028009 0.011706
0 0.579549 0.384940 0.016498 0.014573
0 0.558781 0.378519 0.028006 0.013249
0 0.526513 0.400299 0.019461 0.013490
0 0.617411 0.362724 0.014451 0.017016
0 0.458729 0.390791 0.018853 0.009945
0 0.449003 0.387140 0.024745 0.006622
0 0.490564 0.394769 0.012391 0.017019
0 0.513983 0.371343 0.020334 0.013038
0 0.570270 0.360846 0.023284 0.023428
0 0.502933 0.294985 0.010608 0.008398
0 0.500433 0.313108 0.017983 0.015005
0 0.541386 0.323720 0.009160 0.011925
0 0.671791 0.340076 0.014157 0.010176
0 0.602827 0.339621 0.016501 0.012822
0 0.576901 0.328243 0.015311 0.009511
0 0.489815 0.350122 0.017963 0.009072
0 0.433846 0.313986 0.026224 0.013249
0 0.468158 0.308578 0.012970 0.007736
0 0.911472 0.739825 0.012626 0.014199
0 0.854686 0.789949 0.016025 0.013306
0 0.831938 0.763096 0.014689 0.012552
0 0.837407 0.809122 0.013538 0.012421
0 0.808102 0.766158 0.016270 0.014906
0 0.820977 0.767593 0.012655 0.009323
0 0.830966 0.791923 0.024048 0.011724
0 0.821214 0.726823 0.018089 0.016939
0 0.803363 0.738182 0.012698 0.015923
0 0.789005 0.730809 0.011541 0.008988
0 0.776116 0.734282 0.033681 0.010503
0 0.781313 0.755982 0.031415 0.008814
0 0.765273 0.748100 0.023290 0.010000
0 0.765261 0.741404 0.024173 0.004747
0 0.757920 0.740476 0.009954 0.013393
0 0.776462 0.723269 0.017646 0.008819
0 0.798151 0.808160 0.014206 0.016662
0 0.798672 0.820853 0.016280 0.010278
0 0.777609 0.826176 0.015483 0.008909
0 0.765870 0.827925 0.018869 0.008534
0 0.757731 0.825988 0.035661 0.008127
0 0.720855 0.757750 0.022179 0.009747
0 0.756647 0.709179 0.034127 0.017852
0 0.739778 0.835089 0.035919 0.012788
0 0.734352 0.835082 0.035397 0.006969
0 0.744430 0.838574 0.026617 0.006582
0 0.738482 0.845924 0.022474 0.010087
0 0.738352 0.816876 0.022735 0.011629
0 0.721687 0.824624 0.018333 0.009680
0 0.761734 0.807381 0.021948 0.011230
0 0.772851 0.803305 0.021958 0.012810
0 0.743001 0.795275 0.030995 0.009896
0 0.731379 0.781812 0.021700 0.016664
0 0.705293 0.772899 0.025327 0.009687
0 0.700074 0.769281 0.020043 0.010843
0 0.693671 0.758681 0.017751 0.009871
0 0.686768 0.798358 0.021683 0.018234
0 0.691367 0.798111 0.017741 0.008872
0 0.698062 0.803901 0.012143 0.010104
0 0.683899 0.818873 0.021303 0.014531
0 0.700939 0.821487 0.029854 0.006977
0 0.664914 0.838491 0.019775 0.005523
0 0.628084 0.778900 0.035268 0.028782
0 0.633317 0.765534 0.029451 0.014244
0 0.625761 0.760157 0.017460 0.011629
0 0.615491 0.780503 0.017827 0.012207
0 0.632548 0.792423 0.053489 0.009301
0 0.656371 0.797067 0.023654 0.007552
0 0.668006 0.734578 0.018221 0.008720
0 0.704820 0.712199 0.024415 0.008723
0 0.635448 0.732398 0.011240 0.012500
0 0.634287 0.732396 0.013568 0.014246
0 0.584097 0.740388 0.019372 0.013961
0 0.593399 0.707837 0.013175 0.006974
0 0.595941 0.707865 0.027827 0.008437
0 0.575653 0.736518 0.020804 0.017039
0 0.623819 0.704799 0.013671 0.015600
0 0.639153 0.708082 0.015873 0.012309
0 0.664071 0.712698 0.026290 0.012103
0 0.710078 0.693529 0.018614 0.011086
0 0.701045 0.690656 0.012044 0.010265
0 0.777646 0.701951 0.016885 0.009700
0 0.763456 0.691308 0.022275 0.008356
0 0.734535 0.692790 0.021915 0.016706
0 0.735780 0.678371 0.031614 0.016969
0 0.715316 0.658435 0.027305 0.009965
0 0.760403 0.643078 0.020476 0.018051
0 0.746566 0.636746 0.015797 0.014549
0 0.725379 0.641993 0.034494 0.019700
0 0.553945 0.663806 0.023591 0.015960
0 0.653547 0.683570 0.041319 0.036332
0 0.614821 0.690654 0.012044 0.010260
0 0.611675 0.678441 0.017794 0.028539
0 0.579792 0.676979 0.025721 0.011300
0 0.555561 0.667031 0.013416 0.009043
0 0.656936 0.648870 0.016167 0.009700
0 0.740278 0.622062 0.022619 0.012125
0 0.743694 0.615859 0.022269 0.011039
0 0.719087 0.621657 0.014729 0.010238
0 0.515724 0.662666 0.014716 0.013775
