0 0.131458 0.320820 0.010470 0.025548
0 0.103146 0.381152 0.033522 0.020439
0 0.102368 0.461333 0.020437 0.040875
0 0.149537 0.453669 0.035119 0.082934
0 0.243601 0.375649 0.040906 0.035375
0 0.268611 0.168028 0.015060 0.011939
0 0.381331 0.193037 0.013330 0.017423
0 0.377679 0.183839 0.007745 0.006776
0 0.338533 0.263382 0.037847 0.031625
0 0.278937 0.335179 0.022801 0.018393
0 0.414031 0.201910 0.025377 0.019048
0 0.428664 0.206911 0.017639 0.020007
0 0.180924 0.621894 0.022536 0.017686
0 0.495651 0.416257 0.020536 0.028646
0 0.638416 0.402703 0.012738 0.005853
0 0.651968 0.371589 0.033300 0.012622
0 0.527488 0.358025 0.019309 0.009551
0 0.651571 0.502846 0.012731 0.028658
0 0.540427 0.509007 0.066567 0.023108
0 0.337887 0.567861 0.055053 0.035434
0 0.818158 0.430590 0.013968 0.028963
0 0.616849 0.456627 0.044345 0.029271
0 0.818370 0.341078 0.029993 0.016332
0 0.591576 0.440295 0.039038 0.032971
0 0.633487 0.405939 0.016022 0.008628
0 0.598181 0.170931 0.039153 0.033881
0 0.071594 0.331993 0.022354 0.035811
0 0.201361 0.338089 0.038092 0.028187
0 0.049699 0.433230 0.019914 0.012185
0 0.097389 0.392943 0.016769 0.072319
0 0.115470 0.341257 0.046640 0.069568
0 0.116782 0.341060 0.017824 0.023584
0 0.204244 0.493564 0.020962 0.037733
0 0.153416 0.560379 0.030403 0.033805
0 0.191402 0.564314 0.048743 0.032235
0 0.480445 0.379286 0.053416 0.015714
0 0.075326 0.540336 0.013628 0.017294
0 0.228614 0.645476 0.035112 0.017688
0 0.350984 0.704039 0.052404 0.025548
0 0.412831 0.711508 0.042989 0.016116
0 0.322685 0.381349 0.047553 0.010813
0 0.427431 0.472036 0.036144 0.013864
0 0.699034 0.720450 0.024067 0.018633
0 0.620850 0.642253 0.034491 0.025875
0 0.561822 0.650714 0.015906 0.027852
0 0.600961 0.674339 0.015916 0.012433
0 0.440146 0.653943 0.019246 0.012450
0 0.425223 0.686032 0.102133 0.055714
0 0.542277 0.722334 0.033833 0.009945
0 0.526339 0.712143 0.027149 0.013423
0 0.221629 0.700949 0.015916 0.017904
0 0.332045 0.716865 0.051062 0.009970
0 0.306199 0.709258 0.054990 0.017475
0 0.289673 0.643318 0.035635 0.022798
0 0.259028 0.646069 0.096958 0.039311
0 0.320589 0.617775 0.024114 0.030670
0 0.326096 0.603225 0.075989 0.030652
0 0.467087 0.641829 0.128261 0.044968
0 0.426025 0.584660 0.090807 0.043130
0 0.502222 0.584193 0.013968 0.012631
0 0.504688 0.573717 0.024653 0.021262
0 0.538376 0.561078 0.024636 0.013857
0 0.651149 0.522721 0.020122 0.024033
0 0.672517 0.498070 0.030813 0.010476
0 0.481477 0.536586 0.016022 0.009244
