0 0.237859 0.184850 0.024349 0.022889
0 0.905246 0.380549 0.014772 0.010255
0 0.922191 0.393469 0.010387 0.010662
0 0.925473 0.405357 0.011488 0.010665
0 0.906609 0.431192 0.018588 0.018862
0 0.894582 0.422374 0.020777 0.020094
0 0.920551 0.441236 0.012576 0.010250
0 0.894039 0.441436 0.012021 0.013110
0 0.504778 0.398600 0.035020 0.013519
0 0.524182 0.408844 0.022404 0.016811
0 0.529927 0.361281 0.019683 0.013529
0 0.520094 0.368047 0.020790 0.012299
0 0.512707 0.350001 0.034441 0.009030
0 0.568471 0.400849 0.014759 0.013941
0 0.603186 0.444722 0.039362 0.031984
0 0.584051 0.436522 0.016402 0.009839
0 0.589244 0.464814 0.037722 0.013120
0 0.570931 0.466249 0.010936 0.018450
0 0.760243 0.376327 0.020691 0.012733
0 0.757326 0.375729 0.021220 0.016314
0 0.758122 0.384483 0.031303 0.008356
0 0.751225 0.388063 0.013264 0.009152
0 0.546875 0.420326 0.014213 0.010250
0 0.564091 0.459484 0.010377 0.020501
0 0.540863 0.445128 0.025152 0.009849
0 0.535936 0.454153 0.017507 0.014759
0 0.492479 0.378297 0.030069 0.010662
0 0.503423 0.456615 0.025694 0.018041
0 0.509426 0.470350 0.012576 0.011071
0 0.485372 0.429141 0.010387 0.013123
0 0.418399 0.388137 0.016402 0.019683
0 0.426878 0.389566 0.010397 0.020104
0 0.420860 0.394084 0.009292 0.006972
0 0.420040 0.433651 0.022963 0.008199
0 0.588294 0.509178 0.012235 0.010370
0 0.736308 0.392037 0.031286 0.013142
0 0.730481 0.395624 0.033423 0.013926
0 0.738704 0.380503 0.028651 0.007560
0 0.727034 0.384287 0.011673 0.011133
0 0.511334 0.507701 0.013813 0.012728
0 0.356429 0.516877 0.025258 0.009767
0 0.361551 0.513025 0.012612 0.008574
0 0.411096 0.417277 0.021723 0.006518
0 0.386028 0.418013 0.027626 0.009177
0 0.401227 0.437848 0.014610 0.016868
0 0.375165 0.468936 0.025661 0.014509
0 0.346563 0.488018 0.022100 0.010655
0 0.280066 0.428225 0.028029 0.018351
0 0.885521 0.439020 0.010327 0.019563
0 0.864053 0.407232 0.015215 0.009792
0 0.847479 0.410895 0.013588 0.012227
0 0.861336 0.444320 0.011958 0.021195
0 0.864320 0.438819 0.010314 0.006935
0 0.843674 0.457159 0.012500 0.007746
0 0.835794 0.461846 0.011958 0.008152
0 0.720304 0.439632 0.024458 0.015082
0 0.618943 0.438002 0.011961 0.011818
0 0.651554 0.449008 0.015212 0.015079
0 0.759435 0.430868 0.013585 0.008968
0 0.706176 0.469998 0.016849 0.018750
0 0.722753 0.471022 0.009785 0.012629
0 0.685256 0.497716 0.010856 0.020382
0 0.828456 0.503829 0.012500 0.025273
0 0.831989 0.505665 0.008694 0.009375
0 0.760522 0.466737 0.014676 0.008152
0 0.649926 0.505868 0.023912 0.028532
0 0.790413 0.482226 0.015761 0.008152
0 0.837695 0.534400 0.012500 0.007336
0 0.847480 0.527464 0.027725 0.017130
0 0.923294 0.470197 0.016310 0.010995
0 0.902918 0.627537 0.013575 0.006116
0 0.905086 0.542963 0.012500 0.026897
0 0.917042 0.534196 0.011412 0.011007
0 0.887971 0.557436 0.014137 0.009385
0 0.895845 0.529916 0.009236 0.020377
0 0.884979 0.587798 0.020109 0.007341
0 0.869489 0.601859 0.014130 0.018341
0 0.862424 0.582090 0.011958 0.019566
0 0.865685 0.608788 0.018479 0.015082
0 0.845847 0.612050 0.021197 0.019973
0 0.750111 0.397414 0.015387 0.010345
0 0.705812 0.390849 0.015916 0.007562
0 0.702627 0.394231 0.027589 0.015918
0 0.700771 0.381896 0.010079 0.015122
0 0.688575 0.380703 0.017493 0.011937
0 0.704215 0.381101 0.041372 0.018304
0 0.721729 0.402392 0.020165 0.007567
0 0.714299 0.408755 0.012731 0.009152
0 0.689357 0.396422 0.025453 0.016307
0 0.676630 0.383095 0.018036 0.010337
0 0.675570 0.374934 0.012735 0.008356
0 0.662308 0.367372 0.019101 0.015518
0 0.829000 0.596355 0.026630 0.006520
0 0.825739 0.616736 0.013588 0.011414
0 0.621665 0.533788 0.020651 0.017527
0 0.611343 0.539087 0.017394 0.028125
0 0.611343 0.511582 0.011971 0.013046
0 0.662153 0.528898 0.013585 0.007746
0 0.592045 0.536031 0.037497 0.008966
0 0.539327 0.552944 0.032060 0.017525
0 0.524377 0.546218 0.042404 0.013864
0 0.541225 0.524819 0.016293 0.014271
0 0.558356 0.536026 0.022269 0.013867
0 0.737424 0.579236 0.015218 0.012227
0 0.731721 0.585153 0.019031 0.014253
0 0.665686 0.567620 0.014130 0.026496
0 0.528181 0.576183 0.017381 0.024043
0 0.533080 0.588001 0.023919 0.019157
0 0.724378 0.611031 0.022831 0.009784
0 0.731718 0.604304 0.013588 0.007746
0 0.582806 0.566194 0.016849 0.010598
0 0.622487 0.577393 0.020106 0.008557
0 0.583077 0.590037 0.017391 0.011820
0 0.530365 0.597777 0.014137 0.010995
0 0.462434 0.606753 0.030423 0.010184
0 0.459168 0.589630 0.039137 0.012634
0 0.410526 0.554169 0.025542 0.019157
0 0.538241 0.562321 0.019021 0.014266
0 0.556720 0.568842 0.017937 0.011820
0 0.733664 0.344892 0.013261 0.008752
0 0.729418 0.340714 0.011138 0.009152
0 0.709524 0.348274 0.009550 0.009152
0 0.705810 0.354839 0.014854 0.011141
0 0.769210 0.349070 0.020688 0.013130
0 0.691749 0.352253 0.013261 0.021089
0 0.681134 0.338528 0.018552 0.010340
0 0.648257 0.374683 0.016594 0.008656
0 0.692267 0.477480 0.036782 0.023810
0 0.674588 0.302183 0.014428 0.009737
0 0.692260 0.279994 0.016597 0.018385
0 0.610018 0.405252 0.025261 0.013529
0 0.627697 0.358182 0.021644 0.014608
0 0.585141 0.353039 0.017305 0.008653
0 0.656921 0.322471 0.019491 0.016773
0 0.654390 0.312463 0.014428 0.009737
0 0.676391 0.272966 0.013707 0.011905
0 0.639955 0.255658 0.015856 0.014080
0 0.623008 0.267824 0.025248 0.009194
0 0.699110 0.624888 0.015761 0.018750
0 0.686609 0.617144 0.013588 0.010598
0 0.700468 0.658511 0.027173 0.022428
0 0.720033 0.720268 0.029345 0.008150
0 0.727642 0.711709 0.021739 0.007336
0 0.466776 0.690920 0.028261 0.017937
0 0.462151 0.683791 0.026624 0.010196
0 0.476009 0.678900 0.014120 0.008569
0 0.540686 0.695812 0.027173 0.010598
0 0.529545 0.692143 0.010327 0.025273
0 0.475198 0.665241 0.023366 0.013859
0 0.505357 0.644040 0.015212 0.012237
0 0.419492 0.609195 0.027173 0.008559
0 0.584220 0.694898 0.014934 0.010799
0 0.578411 0.692196 0.017702 0.011203
0 0.640365 0.692610 0.018806 0.012031
0 0.660833 0.646143 0.015489 0.010372
0 0.671063 0.726215 0.014944 0.010367
0 0.658619 0.721861 0.013277 0.007468
0 0.600812 0.694686 0.011617 0.011203
0 0.593069 0.711694 0.016045 0.012029
0 0.438175 0.694064 0.017156 0.009958
0 0.434854 0.693857 0.014947 0.012862
0 0.427670 0.684727 0.033747 0.011200
0 0.464170 0.736796 0.017163 0.009127
0 0.467498 0.731818 0.016042 0.009127
0 0.447859 0.761689 0.033191 0.014107
0 0.476071 0.771854 0.018810 0.009541
0 0.433753 0.764593 0.014934 0.008299
0 0.516729 0.790109 0.017149 0.007054
0 0.589750 0.755259 0.012722 0.009541
0 0.509821 0.755878 0.027646 0.009970
0 0.380372 0.595944 0.024342 0.011203
0 0.381756 0.590758 0.017149 0.012448
0 0.345514 0.700908 0.032100 0.021161
0 0.399180 0.635358 0.013274 0.017840
0 0.345542 0.612117 0.015529 0.014506
0 0.380924 0.702361 0.013277 0.023234
0 0.359076 0.667506 0.032642 0.013286
0 0.336663 0.678500 0.014398 0.011215
0 0.327821 0.664606 0.015489 0.009127
0 0.330863 0.658383 0.009405 0.006637
0 0.599203 0.262416 0.010820 0.008115
0 0.595235 0.259169 0.023082 0.008115
0 0.588026 0.254577 0.015880 0.012974
0 0.532474 0.274045 0.030291 0.051959
0 0.544375 0.287845 0.010820 0.009196
0 0.560967 0.269990 0.013707 0.012445
0 0.525620 0.257817 0.016591 0.016230
0 0.501814 0.265662 0.019481 0.011364
0 0.496037 0.261337 0.031009 0.022178
0 0.484140 0.272693 0.017315 0.011359
0 0.598813 0.362305 0.013122 0.009020
0 0.593894 0.373588 0.019686 0.012701
0 0.630522 0.392034 0.016402 0.011071
0 0.579410 0.413147 0.025704 0.012307
0 0.643370 0.400439 0.012573 0.009841
0 0.781683 0.397160 0.024597 0.022941
0 0.743419 0.409875 0.013690 0.009829
0 0.672065 0.414782 0.030605 0.012302
0 0.717722 0.426476 0.011481 0.009430
0 0.714714 0.426476 0.015308 0.009430
0 0.807381 0.340165 0.011481 0.009020
0 0.813122 0.326838 0.017493 0.015992
0 0.807655 0.361691 0.016402 0.013532
0 0.840185 0.329914 0.025694 0.011481
0 0.890481 0.343650 0.014759 0.012711
0 0.935585 0.372560 0.012030 0.018036
0 0.861232 0.367432 0.014216 0.011892
0 0.299468 0.645301 0.023750 0.011882
0 0.309039 0.546319 0.016498 0.008909
0 0.232821 0.553249 0.025099 0.011855
0 0.261524 0.596065 0.016501 0.011376
0 0.230179 0.524048 0.017156 0.009901
0 0.217642 0.515636 0.015840 0.009893
0 0.196190 0.540381 0.015179 0.008911
0 0.182333 0.675501 0.016498 0.010888
0 0.213018 0.596059 0.015830 0.023269
0 0.127230 0.589872 0.015843 0.011887
0 0.111062 0.602250 0.024418 0.015838
0 0.092907 0.613132 0.018485 0.016840
0 0.551566 0.356507 0.013198 0.010394
0 0.064866 0.294634 0.013859 0.011391
0 0.054311 0.313451 0.013866 0.012383
0 0.054975 0.305027 0.009884 0.011394
0 0.105357 0.312681 0.033069 0.028606
0 0.095023 0.302168 0.016078 0.010337
0 0.095255 0.316983 0.011944 0.010335
0 0.093194 0.322665 0.020688 0.014129
0 0.208945 0.489071 0.012401 0.009303
0 0.174271 0.513876 0.015605 0.009301
0 0.197927 0.489416 0.012414 0.022393
0 0.273487 0.438082 0.014699 0.009993
0 0.289263 0.301750 0.026243 0.014521
0 0.317014 0.293198 0.008604 0.004516
0 0.309054 0.289649 0.015919 0.010325
0 0.309261 0.305618 0.014613 0.006771
0 0.288403 0.264803 0.011620 0.008390
0 0.309904 0.313686 0.013327 0.008720
0 0.328866 0.243061 0.010026 0.012788
0 0.326108 0.248566 0.019557 0.007143
0 0.325355 0.252326 0.012034 0.007897
0 0.329871 0.266053 0.019048 0.019556
0 0.302791 0.249506 0.017050 0.007520
0 0.364463 0.268312 0.020063 0.011277
0 0.342905 0.280908 0.012034 0.007897
0 0.385648 0.275260 0.009193 0.011384
0 0.396594 0.272610 0.012698 0.010667
0 0.411824 0.259091 0.011670 0.011039
0 0.349107 0.243470 0.011177 0.012569
0 0.368403 0.237550 0.018287 0.012153
0 0.352412 0.231090 0.009659 0.015236
0 0.342250 0.217568 0.010665 0.007999
0 0.321941 0.215472 0.013724 0.012949
0 0.161392 0.241948 0.012665 0.010533
0 0.212313 0.225998 0.026062 0.007974
0 0.223970 0.225869 0.023317 0.021605
0 0.239922 0.205037 0.067543 0.018001
0 0.224828 0.193721 0.012004 0.008743
0 0.117500 0.313310 0.015430 0.007200
0 0.113558 0.298651 0.013690 0.009772
0 0.082865 0.272419 0.008575 0.007716
0 0.105670 0.280391 0.008231 0.007716
0 0.122300 0.254802 0.010632 0.007971
0 0.116468 0.253646 0.009921 0.009276
0 0.104640 0.247857 0.009603 0.008487
0 0.146131 0.230495 0.013029 0.010295
0 0.155390 0.194107 0.017831 0.007971
0 0.144074 0.198480 0.007546 0.006429
0 0.154190 0.227927 0.007884 0.008745
0 0.160701 0.213268 0.012011 0.008232
0 0.175450 0.219568 0.009947 0.007460
0 0.179735 0.209924 0.011660 0.015429
0 0.187966 0.204138 0.010972 0.009000
0 0.164820 0.186649 0.012688 0.009003
0 0.366050 0.319911 0.011485 0.009301
0 0.364671 0.318188 0.011485 0.009303
0 0.355942 0.311814 0.015159 0.009645
0 0.318039 0.280973 0.027546 0.008624
0 0.234773 0.225484 0.014745 0.010030
0 0.345379 0.372622 0.011485 0.012059
0 0.385802 0.343854 0.010565 0.008958
0 0.408543 0.325424 0.029408 0.007237
0 0.428523 0.324561 0.009646 0.008269
0 0.424160 0.320428 0.041343 0.021362
0 0.424162 0.360213 0.031240 0.009980
0 0.378910 0.406386 0.012404 0.010680
0 0.500413 0.341443 0.011944 0.009648
0 0.024742 0.433259 0.009649 0.010680
0 0.025876 0.442220 0.012864 0.009311
0 0.030481 0.455826 0.013773 0.018606
0 0.078717 0.515083 0.013783 0.012403
0 0.107424 0.413616 0.011475 0.011359
0 0.076650 0.418445 0.011481 0.012059
0 0.086298 0.412587 0.010565 0.012059
0 0.095716 0.410001 0.012867 0.017919
0 0.078257 0.428962 0.012864 0.026203
0 0.083548 0.434464 0.010549 0.009648
0 0.089053 0.434120 0.013323 0.010337
0 0.060112 0.434292 0.012401 0.010682
0 0.059653 0.442561 0.016078 0.008614
0 0.054380 0.455306 0.012867 0.018951
0 0.095025 0.447728 0.018833 0.018259
0 0.088365 0.457718 0.015618 0.018264
0 0.089742 0.470640 0.011944 0.023428
0 0.096858 0.466167 0.011508 0.006902
0 0.074583 0.487181 0.010106 0.008276
0 0.071138 0.483042 0.012401 0.022051
0 0.160484 0.483559 0.013780 0.009301
0 0.168752 0.475119 0.014699 0.008958
0 0.234211 0.429986 0.012404 0.020672
0 0.260856 0.444281 0.028022 0.010685
0 0.213315 0.450135 0.014706 0.011381
0 0.159893 0.253641 0.010327 0.016136
0 0.167207 0.259126 0.012907 0.008390
0 0.181190 0.258481 0.015919 0.010325
0 0.154302 0.271065 0.014623 0.020007
0 0.188504 0.262999 0.010757 0.009683
0 0.186569 0.264934 0.012047 0.009035
0 0.183773 0.273488 0.012480 0.020980
0 0.186353 0.277520 0.025384 0.009683
0 0.242882 0.266312 0.010579 0.008462
0 0.227361 0.267361 0.020463 0.012698
0 0.230180 0.273987 0.013383 0.010062
0 0.241472 0.273717 0.013399 0.009521
0 0.256627 0.273131 0.026812 0.013857
0 0.231538 0.285415 0.022930 0.012701
0 0.212293 0.287711 0.020129 0.012941
0 0.201405 0.306052 0.015642 0.037897
0 0.196682 0.313900 0.009448 0.016639
0 0.189697 0.294643 0.015202 0.014484
0 0.175415 0.299067 0.011478 0.008958
0 0.134537 0.292345 0.019735 0.030672
0 0.167834 0.282008 0.010106 0.016892
0 0.180696 0.297516 0.033991 0.033420
0 0.163927 0.297171 0.007814 0.008614
0 0.156806 0.295789 0.019299 0.006538
0 0.154742 0.297690 0.011481 0.011024
0 0.160714 0.296999 0.014239 0.008958
0 0.169211 0.315088 0.041339 0.008614
0 0.185293 0.317158 0.013773 0.012063
0 0.183223 0.329730 0.019752 0.014469
0 0.142335 0.331282 0.016085 0.009985
0 0.227551 0.338170 0.013780 0.011369
0 0.248452 0.358146 0.015159 0.017582
0 0.243624 0.321455 0.024815 0.013792
0 0.190346 0.345749 0.018383 0.015506
0 0.196085 0.355913 0.016078 0.008958
0 0.520499 0.190568 0.022804 0.019385
0 0.475646 0.195015 0.009732 0.010035
0 0.378337 0.156922 0.018247 0.015977
0 0.476108 0.186446 0.017295 0.032118
0 0.573725 0.119536 0.011412 0.009375
0 0.454816 0.112227 0.025850 0.013229
0 0.475182 0.101388 0.037996 0.009819
0 0.424560 0.135377 0.010337 0.007073
0 0.418934 0.136513 0.015513 0.010724
0 0.386700 0.175175 0.010040 0.007294
0 0.448431 0.175743 0.010036 0.008440
0 0.361768 0.199120 0.021591 0.018244
0 0.346104 0.152366 0.013988 0.006840
0 0.441437 0.199120 0.011253 0.007753
0 0.447672 0.185549 0.013988 0.014824
0 0.695322 0.203966 0.015446 0.013904
0 0.682348 0.238490 0.012976 0.015293
0 0.712624 0.290854 0.019157 0.014368
0 0.554760 0.330017 0.027179 0.010184
0 0.808085 0.271855 0.013591 0.012510
0 0.749697 0.229917 0.016683 0.019462
0 0.656713 0.125649 0.032143 0.012046
0 0.673694 0.178013 0.014187 0.009251
0 0.674626 0.182181 0.032123 0.015747
0 0.709225 0.154381 0.012358 0.009268
0 0.722196 0.158088 0.019762 0.012049
0 0.773181 0.187509 0.032738 0.024571
0 0.751240 0.160174 0.014828 0.008805
0 0.802834 0.162028 0.022864 0.018073
0 0.841759 0.197710 0.012976 0.017145
0 0.826931 0.208600 0.025331 0.008341
0 0.789249 0.269308 0.014226 0.012971
0 0.728985 0.272092 0.013591 0.014819
0 0.855045 0.252391 0.027186 0.009732
0 0.895825 0.257953 0.019772 0.018073
0 0.889330 0.234322 0.012986 0.016213
0 0.429636 0.107577 0.010503 0.011121
0 0.417897 0.118467 0.010503 0.010660
0 0.412950 0.107118 0.015437 0.006498
0 0.417897 0.110589 0.016680 0.009730
0 0.326759 0.168052 0.016065 0.012512
0 0.339418 0.128666 0.016667 0.013433
0 0.302662 0.136078 0.033366 0.015295
0 0.289688 0.144418 0.013595 0.006952
0 0.246437 0.163880 0.013595 0.011585
0 0.086756 0.375724 0.010562 0.012059
0 0.084688 0.387092 0.014699 0.016882
0 0.088363 0.366421 0.020212 0.014127
0 0.092733 0.358322 0.020685 0.009650
0 0.095718 0.360392 0.011938 0.019296
0 0.098699 0.377102 0.013323 0.016882
0 0.152445 0.373657 0.011485 0.007235
0 0.144636 0.365559 0.016078 0.010335
0 0.139812 0.361595 0.018380 0.009995
0 0.121210 0.355568 0.013320 0.009648
0 0.033930 0.362634 0.008727 0.009306
0 0.108575 0.367626 0.010106 0.009648
0 0.119378 0.353683 0.025265 0.021701
0 0.030486 0.375724 0.008274 0.007927
0 0.031169 0.378483 0.013330 0.009998
0 0.033927 0.393297 0.009653 0.012066
0 0.021531 0.388821 0.010575 0.015513
0 0.031405 0.410869 0.018366 0.009313
0 0.055519 0.395190 0.011481 0.011714
0 0.068151 0.411726 0.010106 0.007579
0 0.066553 0.381586 0.018819 0.014115
0 0.073657 0.368142 0.015635 0.009995
0 0.078029 0.376584 0.014239 0.011714
0 0.100997 0.376240 0.008727 0.018606
0 0.103752 0.382614 0.010565 0.009990
0 0.101685 0.386226 0.033991 0.015841
0 0.225483 0.374339 0.012407 0.024472
0 0.246386 0.389504 0.018373 0.005858
0 0.264071 0.396050 0.015159 0.010682
0 0.255112 0.417755 0.012864 0.018948
0 0.337793 0.394501 0.028495 0.010332
0 0.292384 0.181762 0.013380 0.010548
0 0.281756 0.172116 0.014067 0.010283
0 0.327184 0.200923 0.026062 0.012857
0 0.289117 0.197445 0.011647 0.010020
0 0.289808 0.215454 0.027434 0.010546
0 0.267864 0.220983 0.015774 0.011317
0 0.267520 0.198352 0.014405 0.009258
0 0.251754 0.189484 0.014415 0.010020
0 0.206997 0.181634 0.010628 0.007713
0 0.220714 0.173147 0.024345 0.012857
