0 0.546865 0.251922 0.014630 0.015600
0 0.520073 0.262757 0.018115 0.016476
0 0.504845 0.240071 0.023115 0.023132
0 0.509092 0.297465 0.024673 0.012440
0 0.455324 0.306572 0.038955 0.015030
0 0.385185 0.307986 0.021958 0.015625
0 0.297118 0.296314 0.022351 0.015898
0 0.305212 0.301808 0.016958 0.010694
0 0.303092 0.310334 0.034299 0.019655
0 0.314076 0.321290 0.016187 0.010982
0 0.375739 0.357739 0.016187 0.017344
0 0.374393 0.350806 0.027358 0.015600
0 0.360706 0.393291 0.025446 0.010392
0 0.361682 0.388356 0.023495 0.013864
0 0.323132 0.357999 0.018089 0.014459
0 0.314463 0.361328 0.019269 0.010107
0 0.353770 0.399622 0.023148 0.010404
0 0.296281 0.387943 0.020737 0.019844
0 0.283052 0.380970 0.017163 0.016627
0 0.289132 0.359784 0.020744 0.012872
0 0.403611 0.369170 0.019193 0.014482
0 0.412133 0.381508 0.012156 0.012336
0 0.355539 0.312480 0.018089 0.015040
0 0.363504 0.448015 0.016445 0.011262
0 0.351698 0.446137 0.018608 0.012875
0 0.492593 0.444804 0.034325 0.013418
0 0.420362 0.433806 0.018601 0.019298
0 0.426786 0.453109 0.014286 0.010727
0 0.339545 0.421197 0.031472 0.014482
0 0.350278 0.419855 0.017169 0.012870
0 0.333826 0.421466 0.012870 0.020382
0 0.379233 0.432192 0.023611 0.016071
0 0.460410 0.362202 0.022870 0.016617
0 0.734656 0.438790 0.011574 0.008383
0 0.720595 0.471307 0.017341 0.011562
0 0.714044 0.479545 0.010403 0.009536
0 0.703257 0.485186 0.017361 0.024866
0 0.594957 0.517411 0.035086 0.016468
0 0.602664 0.511486 0.015030 0.010407
0 0.722528 0.529433 0.014269 0.032378
0 0.595921 0.558630 0.009249 0.010985
0 0.756448 0.600248 0.046627 0.027183
0 0.760293 0.566293 0.022735 0.015330
0 0.638690 0.596491 0.053175 0.017336
0 0.720893 0.651424 0.017513 0.011245
0 0.730357 0.645759 0.013228 0.009921
0 0.571779 0.634173 0.019735 0.011714
0 0.504360 0.556478 0.023026 0.020347
0 0.375265 0.555246 0.023016 0.017882
0 0.456672 0.560177 0.016445 0.012949
0 0.419673 0.617834 0.036177 0.017264
0 0.531490 0.691523 0.016445 0.017882
0 0.376098 0.635100 0.018089 0.014799
0 0.360476 0.635408 0.013155 0.010484
0 0.488327 0.702003 0.015608 0.010479
0 0.397474 0.698306 0.014802 0.009251
0 0.358009 0.685665 0.018089 0.009866
0 0.366224 0.743018 0.016429 0.032068
0 0.287698 0.693986 0.018915 0.010491
0 0.293467 0.705704 0.018912 0.011716
0 0.307854 0.679188 0.018089 0.024055
0 0.261812 0.643423 0.026310 0.020347
0 0.235498 0.636948 0.027946 0.014794
0 0.219061 0.697688 0.018095 0.011716
0 0.230160 0.558321 0.055089 0.019122
0 0.209177 0.546925 0.041104 0.017262
0 0.189864 0.577747 0.033697 0.022210
0 0.199329 0.599337 0.021382 0.014794
0 0.168497 0.604267 0.022206 0.028366
0 0.173016 0.669632 0.023022 0.014799
0 0.184623 0.721900 0.023413 0.019097
0 0.114600 0.581920 0.029597 0.016468
0 0.121756 0.562935 0.028644 0.017185
0 0.167116 0.530708 0.027692 0.021486
0 0.160433 0.579055 0.021991 0.013616
0 0.374539 0.478783 0.024924 0.017433
0 0.388654 0.484087 0.018261 0.010595
0 0.308499 0.472866 0.019114 0.018058
0 0.262386 0.492494 0.034891 0.022438
0 0.306002 0.503710 0.022454 0.014950
0 0.357920 0.514621 0.043221 0.009350
0 0.531968 0.500224 0.010800 0.014333
0 0.529058 0.494618 0.018274 0.008085
0 0.500397 0.476860 0.015807 0.009970
0 0.509947 0.500851 0.018267 0.010580
0 0.467593 0.491505 0.023280 0.028051
0 0.711419 0.404649 0.039067 0.013718
0 0.691048 0.389376 0.028261 0.020568
0 0.669874 0.414926 0.019114 0.008100
0 0.338816 0.528635 0.018274 0.013708
0 0.420230 0.505580 0.016617 0.011215
0 0.376200 0.530816 0.018274 0.014330
0 0.477138 0.518043 0.022431 0.021186
0 0.546495 0.482840 0.013294 0.008100
0 0.067808 0.592295 0.012401 0.010037
0 0.070668 0.638859 0.020053 0.011468
0 0.233876 0.487042 0.015417 0.021967
0 0.225911 0.479142 0.014904 0.007708
0 0.231564 0.477793 0.019015 0.012718
0 0.241582 0.464876 0.023641 0.010804
0 0.296055 0.432887 0.019530 0.010020
0 0.159550 0.406305 0.018869 0.013790
0 0.156796 0.400683 0.016303 0.006421
0 0.140714 0.410205 0.017983 0.013852
0 0.140195 0.401612 0.040906 0.012401
0 0.164757 0.429203 0.012682 0.008559
0 0.202791 0.366842 0.018466 0.009442
0 0.088426 0.425229 0.019709 0.016679
0 0.113194 0.374554 0.021429 0.016071
0 0.084011 0.388876 0.021792 0.017634
0 0.197966 0.345908 0.020536 0.012897
0 0.221682 0.299519 0.029388 0.027698
0 0.224917 0.279694 0.023975 0.011000
0 0.229064 0.330033 0.020443 0.015826
0 0.206126 0.418827 0.014388 0.012718
0 0.204067 0.411694 0.020569 0.010789
0 0.194315 0.466803 0.018512 0.016195
0 0.338854 0.269374 0.056220 0.020246
0 0.327444 0.238517 0.050139 0.015427
0 0.322794 0.264074 0.017030 0.007230
0 0.324721 0.260459 0.011888 0.009157
0 0.317336 0.265998 0.037583 0.016863
0 0.287285 0.257924 0.037269 0.014707
0 0.253388 0.249735 0.017027 0.010362
0 0.246797 0.258173 0.013502 0.016639
0 0.366353 0.279563 0.027679 0.014881
0 0.135931 0.327065 0.014117 0.012016
0 0.122513 0.313286 0.027791 0.021910
0 0.273484 0.290677 0.019785 0.014132
0 0.077528 0.288206 0.022609 0.012011
0 0.270651 0.316817 0.016964 0.011312
0 0.255600 0.291732 0.012278 0.009903
0 0.324883 0.184710 0.012325 0.003110
0 0.320007 0.185888 0.010317 0.004415
0 0.318638 0.188180 0.009299 0.013636
0 0.328909 0.215346 0.015569 0.013624
0 0.326963 0.211616 0.020327 0.025627
0 0.355724 0.179504 0.020761 0.006815
0 0.347485 0.237649 0.029038 0.012847
0 0.360559 0.216378 0.020747 0.007374
0 0.514315 0.190856 0.020377 0.013100
0 0.141882 0.510549 0.027745 0.008862
0 0.058869 0.501776 0.017513 0.010789
0 0.091068 0.466300 0.019372 0.014544
0 0.100116 0.446850 0.020007 0.007490
0 0.398770 0.282019 0.023657 0.012555
0 0.446081 0.272465 0.016376 0.013100
0 0.044972 0.432054 0.020281 0.010456
0 0.128945 0.422309 0.014577 0.010933
0 0.151769 0.374777 0.023446 0.037550
0 0.155248 0.386897 0.011409 0.010456
0 0.167923 0.381906 0.015212 0.028043
0 0.113631 0.501874 0.017474 0.014660
0 0.415514 0.202460 0.036763 0.009563
0 0.416784 0.183213 0.038575 0.008187
0 0.418968 0.207641 0.014557 0.008462
0 0.088965 0.502651 0.015417 0.016186
0 0.450084 0.214601 0.016379 0.009281
0 0.456088 0.179528 0.013829 0.005732
0 0.179015 0.362893 0.015847 0.009983
0 0.239861 0.371930 0.023439 0.028036
0 0.011381 0.378104 0.012675 0.017587
0 0.037050 0.387609 0.014577 0.013785
0 0.171091 0.315117 0.044365 0.036136
0 0.508494 0.209551 0.018198 0.010645
0 0.466273 0.264277 0.014544 0.008733
0 0.708925 0.299158 0.017401 0.016322
0 0.651819 0.262252 0.041336 0.030605
0 0.501574 0.332707 0.017341 0.012428
0 0.491176 0.341091 0.011961 0.011845
0 0.509474 0.341957 0.011561 0.006647
0 0.564010 0.371613 0.013489 0.009249
0 0.559772 0.371031 0.012731 0.012150
0 0.528366 0.391394 0.020026 0.008383
0 0.529327 0.383291 0.013482 0.009539
0 0.543575 0.352077 0.018869 0.011843
0 0.588095 0.362476 0.010780 0.019938
0 0.627216 0.356411 0.024272 0.013021
0 0.650921 0.326781 0.020030 0.017922
0 0.665562 0.318544 0.015417 0.009539
0 0.632609 0.273885 0.015800 0.011560
0 0.602546 0.282844 0.024272 0.009834
0 0.569031 0.311172 0.016567 0.017344
0 0.564782 0.285164 0.015807 0.015020
0 0.551098 0.267526 0.019272 0.011560
