0 0.489836 0.452724 0.027999 0.016560
0 0.856625 0.349999 0.032292 0.011178
0 0.865324 0.375768 0.021534 0.011798
0 0.864491 0.422339 0.026495 0.016766
0 0.979165 0.508090 0.019051 0.019256
0 0.988684 0.432338 0.013247 0.013038
0 0.869048 0.534177 0.024008 0.018006
0 0.771362 0.536039 0.022354 0.011801
0 0.731194 0.547215 0.029808 0.015526
0 0.804878 0.490029 0.026488 0.014288
0 0.765552 0.495303 0.012421 0.007450
0 0.727469 0.498090 0.035605 0.013046
0 0.810665 0.453393 0.026488 0.015516
0 0.712979 0.462391 0.018221 0.013661
0 0.727885 0.441591 0.026505 0.018003
0 0.750240 0.370490 0.029812 0.027324
0 0.696419 0.431966 0.023181 0.018628
0 0.676134 0.428549 0.025668 0.014281
0 0.661648 0.418925 0.031465 0.016143
0 0.661645 0.404643 0.023185 0.016146
0 0.670752 0.395017 0.021524 0.014281
0 0.691865 0.388249 0.019041 0.019251
0 0.704284 0.381729 0.010764 0.013661
0 0.672821 0.360306 0.019041 0.013018
0 0.630175 0.355592 0.033102 0.022344
0 0.828495 0.706065 0.015959 0.014511
0 0.755926 0.669593 0.030476 0.010516
0 0.765119 0.630409 0.031448 0.014152
0 0.670053 0.599200 0.019352 0.019953
0 0.624322 0.659055 0.023710 0.016364
0 0.599415 0.647282 0.012566 0.021771
0 0.539906 0.656897 0.016452 0.014152
0 0.535800 0.679575 0.014987 0.013063
0 0.482821 0.702251 0.039649 0.027220
0 0.498535 0.672500 0.023724 0.014152
0 0.500243 0.655993 0.029983 0.010151
0 0.488142 0.627144 0.022255 0.010523
0 0.534102 0.594123 0.021286 0.017056
0 0.536037 0.625330 0.023224 0.004717
0 0.537725 0.635492 0.026601 0.022865
0 0.187434 0.340750 0.025569 0.010568
0 0.284428 0.304705 0.022030 0.017852
0 0.171561 0.318261 0.023810 0.017192
0 0.872771 0.309394 0.026495 0.018018
0 0.873186 0.304110 0.028978 0.012421
0 0.842141 0.318392 0.019864 0.018628
0 0.901333 0.343230 0.014067 0.026079
0 0.590850 0.313734 0.027335 0.015523
0 0.584231 0.296037 0.015731 0.019871
0 0.679454 0.287950 0.025681 0.014874
0 0.666200 0.279892 0.022348 0.014903
0 0.736987 0.313424 0.009954 0.017388
0 0.744015 0.284550 0.020701 0.015523
0 0.739881 0.266854 0.027315 0.019869
0 0.673647 0.255925 0.024001 0.016761
0 0.847105 0.251272 0.041399 0.018641
0 0.901743 0.245058 0.021515 0.026079
0 0.671581 0.194759 0.019868 0.017386
0 0.670751 0.188862 0.019874 0.016761
0 0.696002 0.182650 0.024015 0.019249
0 0.398775 0.288524 0.020698 0.011176
0 0.769692 0.178614 0.014074 0.017386
0 0.745685 0.153776 0.042229 0.024839
0 0.770106 0.201274 0.019868 0.011788
0 0.575131 0.160296 0.017397 0.011798
0 0.576786 0.210284 0.022354 0.024834
0 0.543241 0.261512 0.016574 0.011798
0 0.537452 0.232011 0.023178 0.017396
0 0.536210 0.198785 0.020701 0.015526
0 0.733682 0.208110 0.031452 0.015526
0 0.642196 0.210903 0.020701 0.013661
0 0.559808 0.154396 0.018214 0.014903
0 0.312255 0.212773 0.022844 0.014931
0 0.435494 0.116540 0.023125 0.013189
0 0.365203 0.138393 0.026802 0.015278
0 0.363361 0.148100 0.023118 0.015258
0 0.461028 0.554219 0.020139 0.017465
0 0.340101 0.533234 0.019732 0.014484
0 0.349886 0.547734 0.017675 0.014363
0 0.346567 0.573418 0.031667 0.016012
0 0.352464 0.575078 0.021362 0.013812
0 0.398866 0.551049 0.022831 0.012153
0 0.416543 0.539172 0.011048 0.012703
0 0.406232 0.539172 0.024309 0.012703
0 0.527221 0.125444 0.022874 0.010769
0 0.540000 0.120858 0.016501 0.011176
0 0.533613 0.114071 0.016498 0.009581
0 0.574861 0.103614 0.019160 0.011577
0 0.648846 0.116189 0.020231 0.018366
0 0.702328 0.110599 0.031389 0.019958
0 0.345997 0.625151 0.022351 0.019162
0 0.396030 0.610781 0.023409 0.012773
0 0.344147 0.663477 0.019709 0.012768
0 0.335086 0.670856 0.022884 0.014777
0 0.419444 0.597602 0.023413 0.017574
0 0.383525 0.585437 0.018618 0.017971
0 0.396824 0.582837 0.019692 0.015967
0 0.430537 0.501332 0.028727 0.013259
0 0.416913 0.506582 0.019144 0.018234
0 0.176422 0.500776 0.015476 0.020997
0 0.448208 0.499674 0.018399 0.015469
0 0.447472 0.509623 0.019871 0.015476
0 0.411382 0.492773 0.021349 0.019325
0 0.536334 0.463862 0.022966 0.024360
0 0.394808 0.451612 0.026521 0.016567
0 0.274024 0.461806 0.033896 0.020486
0 0.251931 0.446368 0.023585 0.016019
0 0.265551 0.439461 0.025777 0.014363
0 0.270339 0.414327 0.020625 0.016019
0 0.338466 0.413504 0.015463 0.014360
0 0.335169 0.387537 0.022123 0.014360
0 0.451523 0.434772 0.022087 0.012698
0 0.493143 0.466250 0.028727 0.016012
0 0.597368 0.384773 0.019153 0.015469
0 0.576372 0.434495 0.019874 0.019898
0 0.564960 0.410180 0.019153 0.013266
0 0.579327 0.419851 0.037576 0.017123
0 0.583003 0.417918 0.039034 0.014363
0 0.440493 0.409908 0.019147 0.011582
0 0.450800 0.399138 0.019167 0.017671
0 0.443796 0.383393 0.018413 0.014916
0 0.401443 0.369582 0.014732 0.012706
0 0.404396 0.375382 0.022087 0.026518
0 0.544334 0.383116 0.025043 0.013256
0 0.528130 0.385326 0.027986 0.015469
0 0.494249 0.375658 0.029464 0.013812
0 0.524802 0.338371 0.027249 0.024306
0 0.468839 0.361571 0.025774 0.014363
0 0.459261 0.352455 0.021366 0.016022
0 0.464787 0.335609 0.025043 0.017676
