0 0.845212 0.626079 0.014802 0.012277
0 0.796511 0.277654 0.020271 0.014534
0 0.642212 0.307411 0.014980 0.013234
0 0.613566 0.284934 0.028224 0.021158
0 0.605625 0.339825 0.026448 0.011892
0 0.317743 0.415530 0.030850 0.013896
0 0.236632 0.410244 0.011458 0.017855
0 0.667350 0.264759 0.024692 0.017862
0 0.655003 0.271370 0.014107 0.019164
0 0.208862 0.384797 0.024669 0.019841
0 0.192113 0.345107 0.019411 0.013229
0 0.246331 0.281560 0.013224 0.009921
0 0.319954 0.223037 0.017632 0.011902
0 0.313340 0.279247 0.016753 0.009263
0 0.304965 0.277593 0.012345 0.011243
0 0.474692 0.220061 0.016753 0.015211
0 0.459709 0.225015 0.016759 0.009246
0 0.446045 0.250480 0.017619 0.012562
0 0.438985 0.272964 0.015873 0.008596
0 0.346399 0.318591 0.026462 0.019177
0 0.402388 0.318926 0.018505 0.014539
0 0.413409 0.341729 0.019411 0.016543
0 0.420468 0.334463 0.015870 0.009918
0 0.595832 0.254774 0.019382 0.009251
0 0.484304 0.288217 0.020281 0.011156
0 0.552497 0.303346 0.015575 0.011116
0 0.537688 0.284924 0.014041 0.009373
0 0.499868 0.318542 0.016336 0.014613
0 0.517024 0.318251 0.028843 0.018710
0 0.468679 0.353331 0.016346 0.012862
0 0.464788 0.341059 0.014802 0.011682
0 0.673715 0.397181 0.025724 0.019878
0 0.615255 0.463545 0.016382 0.014625
0 0.552887 0.471720 0.019491 0.012289
0 0.668643 0.440155 0.020255 0.014616
0 0.776612 0.433431 0.024157 0.016372
0 0.814038 0.529614 0.025761 0.015776
0 0.498709 0.378766 0.018720 0.013450
0 0.476883 0.406829 0.018720 0.011109
0 0.485063 0.395135 0.017930 0.011109
0 0.579780 0.425248 0.023383 0.014038
0 0.664365 0.399520 0.016362 0.014030
0 0.576273 0.400693 0.022586 0.014040
0 0.586015 0.405660 0.021825 0.013447
0 0.717758 0.558550 0.021825 0.014030
0 0.693211 0.536039 0.017943 0.011106
0 0.745833 0.527567 0.018717 0.015203
0 0.716200 0.504174 0.018710 0.011691
0 0.665923 0.559138 0.016369 0.017532
0 0.618748 0.567320 0.017133 0.017542
0 0.768823 0.612339 0.022606 0.016369
0 0.929018 0.516456 0.018684 0.015203
0 0.909532 0.603574 0.018707 0.011701
0 0.929406 0.537496 0.033515 0.017552
0 0.915220 0.334668 0.014666 0.013631
0 0.891187 0.308962 0.014649 0.014055
0 0.838444 0.409607 0.027543 0.014065
0 0.868624 0.343016 0.017579 0.010099
0 0.861012 0.375985 0.012897 0.014504
0 0.854268 0.360161 0.020513 0.015382
0 0.876844 0.489153 0.017609 0.014055
0 0.837573 0.461905 0.015225 0.010565
0 0.796186 0.463273 0.020526 0.013683
0 0.909016 0.461559 0.036472 0.022225
0 0.927827 0.441897 0.021660 0.011969
0 0.955754 0.462413 0.018254 0.018824
0 0.942641 0.430358 0.026214 0.021372
0 0.924974 0.402149 0.022798 0.019660
0 0.920415 0.408134 0.011399 0.011114
0 0.912234 0.542380 0.011637 0.007602
0 0.918318 0.546770 0.019071 0.010563
0 0.916263 0.555463 0.017897 0.012542
0 0.759451 0.618590 0.032857 0.014521
0 0.815192 0.675360 0.019947 0.017584
0 0.836164 0.702094 0.014392 0.010781
0 0.755637 0.662486 0.025235 0.007264
0 0.763707 0.718266 0.024372 0.006622
0 0.826339 0.732566 0.019345 0.013192
0 0.717212 0.769427 0.020536 0.010779
0 0.703406 0.783286 0.009392 0.012108
0 0.712368 0.735434 0.011442 0.010997
0 0.729676 0.709022 0.023188 0.015836
0 0.643568 0.712455 0.019345 0.014077
0 0.639750 0.723681 0.018191 0.011443
0 0.626982 0.725888 0.019646 0.014494
0 0.602631 0.733149 0.017887 0.014511
0 0.543957 0.804876 0.026108 0.022887
0 0.577118 0.795300 0.017325 0.010789
0 0.668062 0.787717 0.026111 0.017175
0 0.648697 0.789168 0.017897 0.009908
0 0.630220 0.785977 0.016147 0.012768
0 0.671734 0.708604 0.015856 0.012991
0 0.586053 0.791012 0.014071 0.008800
0 0.672902 0.696610 0.017603 0.010134
0 0.659120 0.690562 0.013479 0.010786
0 0.657206 0.702563 0.012030 0.012334
0 0.778819 0.751384 0.007639 0.011662
0 0.756510 0.740822 0.021108 0.010781
0 0.753876 0.746102 0.015258 0.007259
0 0.764291 0.744673 0.012616 0.007480
0 0.768684 0.745222 0.019643 0.009903
0 0.718823 0.664934 0.013214 0.012755
0 0.693585 0.693425 0.022004 0.012981
0 0.666447 0.726002 0.017603 0.014281
0 0.680083 0.752065 0.013803 0.011000
0 0.668069 0.767479 0.017884 0.009705
0 0.589284 0.788375 0.022292 0.011890
0 0.506253 0.802894 0.014094 0.009241
0 0.487338 0.795413 0.016726 0.014085
0 0.704286 0.636766 0.025833 0.009241
0 0.693879 0.621143 0.010853 0.016295
0 0.694760 0.618062 0.010856 0.019363
0 0.652650 0.648450 0.014097 0.012763
0 0.591353 0.670097 0.021131 0.012535
0 0.607920 0.652505 0.015575 0.012550
0 0.580772 0.592540 0.012338 0.009236
0 0.581812 0.608486 0.012037 0.012111
0 0.624051 0.618718 0.014967 0.011890
0 0.608943 0.618289 0.016432 0.009256
0 0.596172 0.624219 0.016154 0.014955
0 0.606303 0.640176 0.016429 0.011220
0 0.590613 0.645241 0.014362 0.011215
0 0.553224 0.675494 0.013459 0.010561
0 0.546743 0.656677 0.019940 0.014747
0 0.583714 0.701677 0.016429 0.012321
0 0.599856 0.686169 0.017616 0.009888
0 0.606744 0.691775 0.014964 0.017602
0 0.514782 0.723457 0.014087 0.012758
0 0.571243 0.705858 0.013790 0.017163
0 0.563173 0.699141 0.014659 0.012532
0 0.539259 0.736665 0.020820 0.018916
0 0.536192 0.736882 0.015241 0.010561
0 0.524454 0.697825 0.009954 0.011225
0 0.525033 0.705419 0.017593 0.007912
0 0.488803 0.640748 0.013201 0.010122
0 0.488360 0.668476 0.017593 0.010117
0 0.432027 0.647550 0.017030 0.012758
0 0.460638 0.660530 0.017897 0.014963
0 0.466948 0.659342 0.014669 0.010340
0 0.472227 0.665283 0.022298 0.006820
0 0.467242 0.668342 0.025225 0.010786
0 0.469436 0.610800 0.014368 0.011882
0 0.433356 0.623129 0.014967 0.016292
0 0.400794 0.625985 0.025529 0.018041
0 0.449636 0.602990 0.022884 0.015623
0 0.402897 0.615781 0.020933 0.015045
0 0.682437 0.472841 0.020046 0.013093
0 0.680271 0.501626 0.015714 0.011783
0 0.688115 0.490836 0.019187 0.016354
0 0.546807 0.531393 0.017431 0.016357
0 0.561209 0.553963 0.018323 0.017009
0 0.583891 0.559201 0.018330 0.013095
0 0.589554 0.540878 0.022679 0.014395
0 0.593915 0.550692 0.022679 0.017009
0 0.489244 0.555924 0.015691 0.013088
0 0.372369 0.534993 0.020936 0.017009
0 0.290030 0.578032 0.014649 0.009536
0 0.405605 0.572543 0.018485 0.014730
0 0.409661 0.574852 0.012715 0.006069
0 0.411589 0.520666 0.014256 0.008668
0 0.413510 0.517783 0.011935 0.008681
0 0.366126 0.764454 0.015036 0.015615
0 0.376910 0.788590 0.021961 0.011272
0 0.415450 0.798126 0.021177 0.006069
0 0.431047 0.790609 0.029282 0.013013
0 0.435863 0.706084 0.017341 0.010982
0 0.426035 0.693220 0.021581 0.008961
0 0.482682 0.741775 0.018499 0.015890
0 0.442791 0.742932 0.019643 0.017609
0 0.421597 0.725446 0.020443 0.014449
0 0.454927 0.692650 0.017725 0.011838
0 0.391749 0.685709 0.016171 0.013581
0 0.262087 0.634410 0.012731 0.016190
0 0.197156 0.673136 0.015410 0.010409
0 0.146878 0.467956 0.029325 0.017708
0 0.192991 0.493162 0.018581 0.011275
0 0.178340 0.579774 0.019312 0.021453
0 0.264854 0.716798 0.022169 0.013408
0 0.345656 0.666656 0.016445 0.012870
0 0.351015 0.674432 0.012877 0.014479
0 0.312406 0.681672 0.018595 0.018234
0 0.314193 0.665315 0.013585 0.015551
0 0.308113 0.616245 0.014309 0.017163
0 0.186921 0.630728 0.015046 0.013936
0 0.119345 0.600687 0.014299 0.012862
0 0.145445 0.593989 0.013588 0.013405
0 0.162417 0.522082 0.007573 0.008648
0 0.159033 0.522189 0.010989 0.008450
0 0.210813 0.550368 0.008730 0.007398
0 0.220810 0.552790 0.016316 0.010977
