0 0.275380 0.386600 0.044940 0.020055
0 0.302100 0.539151 0.018221 0.019125
0 0.544507 0.628905 0.029173 0.020047
0 0.240144 0.694965 0.025532 0.015476
0 0.227986 0.697251 0.015794 0.009115
0 0.404173 0.725500 0.027963 0.021868
0 0.387149 0.718213 0.035225 0.018222
0 0.381682 0.677659 0.026716 0.019137
0 0.525066 0.742366 0.021892 0.020972
0 0.369544 0.672191 0.026720 0.019134
0 0.408421 0.833942 0.021868 0.020047
0 0.325182 0.796582 0.020668 0.016409
0 0.497720 0.718204 0.023079 0.021875
0 0.529921 0.720029 0.017011 0.018232
0 0.626505 0.751923 0.037665 0.025523
0 0.611328 0.726869 0.019441 0.013673
0 0.597356 0.681760 0.035235 0.016401
0 0.633199 0.674469 0.024302 0.018224
0 0.664185 0.641208 0.023079 0.020957
0 0.663585 0.623895 0.019458 0.013663
0 0.673902 0.599838 0.030370 0.018232
0 0.648996 0.577462 0.021868 0.017398
0 0.468568 0.542374 0.025496 0.018328
0 0.491648 0.540146 0.027946 0.019137
0 0.725549 0.531858 0.026746 0.022793
0 0.880458 0.509072 0.032801 0.011845
0 0.766865 0.468523 0.029167 0.021868
0 0.608796 0.427498 0.025728 0.018869
