0 0.588173 0.703811 0.026167 0.010945
0 0.478175 0.278844 0.025728 0.036012
0 0.519838 0.321932 0.016475 0.009013
0 0.367245 0.324231 0.021263 0.012599
0 0.461028 0.287077 0.020933 0.008232
0 0.472854 0.282197 0.021951 0.010278
0 0.640957 0.262569 0.015374 0.013626
0 0.569220 0.224661 0.013512 0.014675
0 0.430504 0.230630 0.019547 0.015179
0 0.387469 0.240015 0.012345 0.009772
0 0.300718 0.277563 0.009610 0.022631
0 0.433411 0.295303 0.021935 0.009246
0 0.446113 0.329262 0.019871 0.015419
0 0.366551 0.344308 0.026746 0.010541
0 0.402900 0.322173 0.030860 0.006944
0 0.626124 0.307772 0.028108 0.006927
0 0.648590 0.324756 0.020923 0.013633
0 0.463421 0.374133 0.023661 0.018261
0 0.516402 0.345201 0.013029 0.009797
0 0.565608 0.353301 0.012004 0.007971
0 0.553434 0.342629 0.018515 0.012346
0 0.586359 0.349958 0.009623 0.018259
0 0.600926 0.351244 0.018849 0.010543
0 0.617394 0.373500 0.011310 0.011830
0 0.631791 0.359085 0.014745 0.006682
0 0.639851 0.381977 0.014411 0.010288
0 0.651341 0.345849 0.020929 0.008500
0 0.492907 0.383656 0.018155 0.013641
0 0.479200 0.411545 0.013360 0.020064
0 0.522736 0.392910 0.016101 0.012096
0 0.533036 0.387509 0.020899 0.014665
0 0.577265 0.372076 0.016832 0.011057
0 0.583085 0.385577 0.009954 0.010290
0 0.703373 0.268502 0.066601 0.047867
0 0.735522 0.322486 0.067546 0.076163
0 0.754155 0.346597 0.029349 0.010491
0 0.806802 0.311481 0.043340 0.068130
0 0.828697 0.339087 0.020979 0.015030
0 0.542462 0.442414 0.017834 0.007200
0 0.369812 0.527674 0.018181 0.011052
0 0.463598 0.472629 0.012354 0.005923
0 0.381118 0.497061 0.026389 0.017237
0 0.442345 0.509277 0.012335 0.008237
0 0.523604 0.452312 0.010966 0.016706
0 0.586359 0.397148 0.054861 0.026736
0 0.606419 0.433414 0.010642 0.015945
0 0.413016 0.416825 0.015430 0.010030
0 0.373581 0.450512 0.050403 0.038326
0 0.363464 0.444084 0.016458 0.017235
0 0.376151 0.434436 0.011653 0.010791
0 0.379924 0.429813 0.013717 0.015429
0 0.391761 0.437140 0.022298 0.007961
0 0.414038 0.432639 0.015443 0.008234
0 0.441138 0.434828 0.012698 0.014660
0 0.444565 0.426209 0.007894 0.010280
0 0.403934 0.471993 0.010982 0.007205
0 0.483993 0.445244 0.009263 0.014402
0 0.490683 0.456307 0.021948 0.007212
0 0.439418 0.469804 0.014749 0.021344
0 0.442675 0.459769 0.009623 0.012098
0 0.448677 0.462732 0.012685 0.007200
0 0.455357 0.476873 0.016468 0.013368
0 0.392093 0.534354 0.013366 0.012607
0 0.419015 0.529985 0.016468 0.011062
0 0.462908 0.523558 0.013714 0.011054
0 0.480225 0.519053 0.018188 0.007202
0 0.231106 0.390978 0.011663 0.008743
0 0.234704 0.388921 0.025030 0.008229
0 0.265923 0.364106 0.025033 0.015166
0 0.313052 0.420165 0.034279 0.008480
0 0.326432 0.416567 0.024001 0.006429
0 0.212401 0.469131 0.012169 0.019263
0 0.214436 0.511724 0.018945 0.013180
0 0.228224 0.520263 0.012599 0.011156
0 0.299620 0.476987 0.017579 0.010650
0 0.304034 0.506746 0.027646 0.015179
0 0.281558 0.492754 0.069729 0.034169
0 0.292358 0.527245 0.034993 0.012178
0 0.372366 0.589162 0.014527 0.021131
0 0.261481 0.654916 0.019927 0.011314
0 0.369940 0.606982 0.009656 0.013219
0 0.421468 0.605058 0.050675 0.020930
0 0.289373 0.674132 0.018211 0.014732
0 0.320124 0.652781 0.022774 0.007046
0 0.374932 0.688439 0.017920 0.012592
0 0.435706 0.667939 0.017642 0.010035
0 0.419616 0.653743 0.024193 0.009821
0 0.448704 0.705113 0.026005 0.010508
0 0.477474 0.704922 0.017646 0.009546
0 0.496028 0.718611 0.030410 0.015005
0 0.506670 0.748511 0.013988 0.012770
0 0.496644 0.733891 0.046263 0.048388
0 0.623074 0.731031 0.019593 0.005389
0 0.688094 0.706279 0.015017 0.007845
0 0.586491 0.758966 0.024835 0.008309
0 0.585506 0.753579 0.025483 0.010283
0 0.497614 0.682020 0.026141 0.012250
0 0.524727 0.683979 0.035929 0.012250
0 0.511333 0.673684 0.019597 0.011262
0 0.518857 0.669276 0.062087 0.020099
0 0.515911 0.658986 0.022219 0.009311
0 0.509049 0.638646 0.028099 0.022545
0 0.542047 0.627860 0.047057 0.032356
0 0.555780 0.579101 0.027460 0.025975
0 0.567535 0.590126 0.016987 0.009802
0 0.578643 0.604046 0.015685 0.024015
0 0.622755 0.574635 0.022877 0.020104
0 0.538790 0.544740 0.082341 0.025987
0 0.559044 0.526119 0.035284 0.032842
0 0.541397 0.519014 0.011763 0.008822
0 0.522778 0.491374 0.026799 0.010293
0 0.543998 0.508771 0.013062 0.024506
0 0.550539 0.484761 0.016978 0.042140
0 0.551199 0.499949 0.011763 0.013723
0 0.696263 0.691096 0.020899 0.012748
0 0.596293 0.647469 0.017004 0.019606
0 0.595304 0.662661 0.037235 0.016642
0 0.606422 0.677365 0.025476 0.015682
0 0.634509 0.668056 0.034620 0.015675
0 0.655106 0.660459 0.019616 0.011275
0 0.658692 0.669523 0.018952 0.011763
0 0.654119 0.680795 0.020255 0.008822
0 0.682548 0.682516 0.019593 0.011262
0 0.726124 0.680903 0.009061 0.006994
0 0.710971 0.651145 0.024177 0.010290
0 0.739074 0.656535 0.012407 0.013234
0 0.779909 0.660456 0.015685 0.012252
0 0.733565 0.683862 0.022421 0.014846
0 0.660933 0.410138 0.031918 0.023271
0 0.737368 0.407608 0.028307 0.018886
0 0.774018 0.418566 0.026078 0.019226
0 0.817406 0.430729 0.025136 0.011042
0 0.865341 0.437597 0.013287 0.008080
0 0.798373 0.444056 0.026574 0.008068
0 0.714714 0.480685 0.024401 0.019385
0 0.657973 0.484592 0.013644 0.009963
0 0.784542 0.453755 0.011147 0.009157
0 0.786872 0.472607 0.015079 0.017237
0 0.663537 0.496715 0.016161 0.010494
0 0.879711 0.459008 0.014712 0.016429
0 0.825484 0.477719 0.016161 0.009705
0 0.816152 0.504653 0.019739 0.013472
0 0.798732 0.496307 0.014362 0.008080
0 0.793535 0.503708 0.021197 0.022346
0 0.850984 0.476376 0.033383 0.013467
0 0.865334 0.481494 0.015456 0.015082
0 0.868753 0.486478 0.010774 0.017505
0 0.872517 0.484996 0.016144 0.009695
0 0.866591 0.496310 0.012943 0.006458
0 0.875575 0.500078 0.015800 0.009695
0 0.871806 0.513413 0.014722 0.009435
0 0.905379 0.538186 0.010056 0.010503
0 0.674011 0.532614 0.036878 0.047480
0 0.672774 0.510947 0.007388 0.013368
0 0.687533 0.546907 0.018452 0.008765
0 0.701978 0.519706 0.020284 0.017056
0 0.704430 0.523161 0.021498 0.019353
0 0.731787 0.526161 0.019666 0.023512
0 0.732095 0.526622 0.015367 0.012445
0 0.655878 0.519473 0.014137 0.011069
0 0.625154 0.532387 0.012920 0.015682
0 0.607323 0.547366 0.016597 0.022589
0 0.608552 0.542755 0.007989 0.012445
0 0.610703 0.539299 0.015982 0.010141
0 0.585504 0.575024 0.011068 0.012448
0 0.591650 0.573642 0.011065 0.010603
0 0.598411 0.582630 0.012292 0.015672
0 0.626371 0.628496 0.014124 0.020737
0 0.643588 0.595771 0.022745 0.008755
0 0.646346 0.597158 0.061475 0.022599
0 0.634367 0.607754 0.016597 0.010603
0 0.618800 0.619829 0.102943 0.035888
0 0.644646 0.631317 0.019630 0.017956
0 0.660205 0.634369 0.018194 0.010414
0 0.661880 0.625213 0.009097 0.020109
0 0.662359 0.620904 0.007179 0.009338
0 0.670977 0.621262 0.018674 0.012927
0 0.679595 0.600975 0.011968 0.011131
0 0.690141 0.598673 0.013436 0.021751
0 0.691485 0.619622 0.016104 0.025786
0 0.703031 0.588399 0.023105 0.010057
0 0.725308 0.586994 0.012890 0.012887
0 0.728530 0.580751 0.016108 0.020541
0 0.732826 0.579947 0.019335 0.010875
0 0.741954 0.597465 0.026852 0.022555
0 0.737121 0.601695 0.011815 0.022150
0 0.757259 0.601302 0.015575 0.011682
0 0.761019 0.610153 0.016647 0.010875
0 0.811768 0.688290 0.013965 0.010077
0 0.806396 0.678621 0.013962 0.011682
0 0.759942 0.671773 0.029540 0.016513
0 0.776592 0.671372 0.029534 0.014097
0 0.784109 0.673185 0.012351 0.008056
0 0.816597 0.618369 0.013962 0.023361
0 0.796729 0.545269 0.013962 0.009263
0 0.791896 0.555136 0.011815 0.012887
0 0.802368 0.582524 0.013426 0.012889
0 0.795656 0.610919 0.009666 0.019735
0 0.801286 0.629048 0.016660 0.011667
0 0.778206 0.598434 0.013429 0.020543
0 0.740878 0.568426 0.031141 0.006446
0 0.749471 0.540030 0.056944 0.044692
0 0.768543 0.535206 0.031696 0.012475
0 0.781424 0.537215 0.029534 0.014901
0 0.830561 0.618571 0.016108 0.022956
0 0.838884 0.617362 0.015572 0.013291
0 0.813647 0.574913 0.014504 0.010491
0 0.828950 0.576724 0.012887 0.010069
0 0.858480 0.533020 0.019342 0.010484
0 0.834051 0.525375 0.016647 0.024970
0 0.816594 0.546115 0.011825 0.022150
0 0.824654 0.531818 0.016108 0.023358
0 0.830020 0.555383 0.015026 0.014090
0 0.868150 0.553566 0.011815 0.008056
0 0.849087 0.554365 0.037050 0.009673
0 0.851235 0.572896 0.019871 0.033837
0 0.838079 0.601896 0.019332 0.013693
0 0.838347 0.600286 0.015575 0.011277
0 0.846931 0.595654 0.017738 0.014095
0 0.863586 0.600082 0.018793 0.014102
0 0.882373 0.589003 0.032741 0.012073
0 0.907350 0.573903 0.017179 0.018118
0 0.848548 0.582760 0.017718 0.012495
0 0.843180 0.569071 0.013423 0.009263
0 0.852040 0.571287 0.010741 0.015303
0 0.859289 0.575113 0.018796 0.011679
