0 0.312632 0.597060 0.031680 0.066739
0 0.279335 0.490155 0.010714 0.005241
0 0.270486 0.502034 0.010714 0.012227
0 0.272123 0.499592 0.023280 0.010836
0 0.270486 0.493648 0.010714 0.008036
0 0.266997 0.493295 0.023280 0.011540
0 0.297503 0.498890 0.016303 0.011530
0 0.357131 0.348309 0.043323 0.029697
0 0.353404 0.339575 0.011644 0.012230
0 0.356205 0.340618 0.020017 0.019926
0 0.369243 0.353375 0.015370 0.014673
0 0.355268 0.372238 0.029345 0.019561
0 0.414661 0.360887 0.035407 0.024804
0 0.448429 0.388842 0.049835 0.042267
0 0.412798 0.408751 0.016772 0.012230
0 0.405111 0.399318 0.020030 0.012927
0 0.532983 0.392855 0.036336 0.011880
0 0.371101 0.401235 0.020972 0.013284
0 0.234850 0.459585 0.019567 0.011183
0 0.290050 0.441594 0.016303 0.010131
0 0.253246 0.427971 0.042384 0.040169
0 0.241372 0.357923 0.023287 0.013266
0 0.383679 0.329621 0.028409 0.053110
0 0.457984 0.494484 0.026088 0.016151
0 0.414661 0.473348 0.013046 0.010481
0 0.804380 0.305291 0.037364 0.039234
0 0.748335 0.307533 0.037364 0.020176
0 0.725536 0.314818 0.035106 0.021302
0 0.746467 0.322385 0.018681 0.011768
0 0.851460 0.533116 0.026901 0.011768
0 0.849965 0.530594 0.031386 0.023539
0 0.853335 0.518545 0.038099 0.029705
0 0.856688 0.505936 0.017940 0.012334
0 0.941880 0.468945 0.049322 0.023539
0 0.851460 0.606817 0.022417 0.020176
0 0.778973 0.624751 0.026901 0.020176
0 0.698644 0.698167 0.062037 0.033636
0 0.699016 0.709381 0.022417 0.021297
0 0.761412 0.601772 0.012705 0.013450
0 0.638113 0.708539 0.035122 0.015134
0 0.630640 0.707139 0.027649 0.023539
0 0.752880 0.584395 0.029325 0.022589
0 0.752093 0.517522 0.024583 0.018428
0 0.579712 0.700905 0.025364 0.014261
0 0.773884 0.680988 0.017437 0.012483
0 0.683142 0.615017 0.026138 0.016047
0 0.641915 0.637887 0.015046 0.014256
0 0.580501 0.591530 0.022199 0.014261
0 0.532151 0.713978 0.017437 0.017832
0 0.503228 0.688124 0.035675 0.027934
0 0.611802 0.541300 0.024570 0.013671
0 0.565835 0.530303 0.021399 0.015456
0 0.604671 0.509498 0.061028 0.029720
0 0.553550 0.487207 0.019024 0.014861
0 0.483413 0.591825 0.021389 0.025561
0 0.480809 0.630605 0.031677 0.024807
0 0.364815 0.700130 0.020503 0.010131
0 0.494324 0.478105 0.027027 0.013978
0 0.379960 0.554619 0.022817 0.019556
0 0.364352 0.509900 0.021429 0.018857
