0 0.192323 0.375066 0.019792 0.012121
0 0.268112 0.240492 0.041157 0.022656
0 0.298350 0.528879 0.028115 0.020060
0 0.457116 0.568227 0.024683 0.018517
0 0.383730 0.594974 0.009603 0.013375
0 0.585777 0.613492 0.024015 0.019544
0 0.472616 0.458410 0.044570 0.018001
0 0.689671 0.612462 0.015089 0.011317
0 0.647834 0.588031 0.016435 0.011825
0 0.798643 0.574656 0.027444 0.016972
0 0.573350 0.406720 0.028102 0.023658
0 0.508897 0.369942 0.014415 0.013886
0 0.619993 0.370198 0.024001 0.020575
0 0.211872 0.380131 0.025529 0.014439
0 0.305086 0.457872 0.011984 0.011329
0 0.330871 0.277602 0.011472 0.009375
0 0.409770 0.338147 0.009897 0.007812
0 0.681030 0.318506 0.018515 0.012860
0 0.757497 0.367370 0.017831 0.023147
0 0.492411 0.219196 0.012070 0.011905
0 0.545405 0.277617 0.012702 0.016443
0 0.210549 0.373309 0.023942 0.015615
0 0.433735 0.439513 0.018244 0.015236
0 0.202480 0.374865 0.010939 0.017969
0 0.143700 0.526822 0.015112 0.011828
