0 0.460604 0.444740 0.044527 0.036627
0 0.508242 0.512785 0.016280 0.027649
0 0.496513 0.521761 0.034950 0.018313
0 0.517817 0.530021 0.040218 0.016877
0 0.447677 0.509732 0.030162 0.014365
0 0.419430 0.518171 0.028251 0.010414
0 0.279868 0.486931 0.024894 0.011848
0 0.298299 0.442944 0.021544 0.013646
0 0.314339 0.436659 0.021065 0.015441
0 0.366526 0.437917 0.023938 0.020109
0 0.385433 0.489983 0.014848 0.017951
0 0.353838 0.466104 0.016756 0.021186
0 0.366524 0.461970 0.030642 0.014353
0 0.377057 0.474004 0.022024 0.020469
0 0.363413 0.497164 0.024418 0.014363
0 0.373467 0.500935 0.038780 0.013284
0 0.480466 0.497526 0.020126 0.038058
0 0.461562 0.473286 0.016756 0.020466
0 0.441693 0.488002 0.027765 0.024070
0 0.311700 0.479907 0.014828 0.015037
0 0.296625 0.471848 0.020109 0.014727
0 0.276754 0.466105 0.009097 0.013286
0 0.237975 0.457128 0.015797 0.011850
0 0.300455 0.456050 0.057450 0.013286
0 0.323433 0.456215 0.043082 0.035149
0 0.330377 0.449767 0.029206 0.019390
0 0.226721 0.488911 0.022021 0.013636
0 0.411291 0.485495 0.013886 0.019750
0 0.410812 0.473285 0.017715 0.016877
0 0.415360 0.483519 0.022983 0.015799
0 0.261913 0.503628 0.017715 0.017237
0 0.088905 0.527254 0.018452 0.013393
0 0.069263 0.543326 0.014881 0.014286
0 0.088013 0.504263 0.022619 0.012946
0 0.117179 0.493996 0.021429 0.023661
0 0.104679 0.551808 0.016667 0.016071
0 0.149917 0.515424 0.029762 0.017411
0 0.136822 0.545112 0.017857 0.011607
0 0.135334 0.553817 0.014881 0.009375
0 0.135036 0.559844 0.017857 0.018750
0 0.127927 0.600694 0.021329 0.022768
0 0.171941 0.581944 0.060681 0.020089
0 0.221644 0.613415 0.019643 0.022321
0 0.207953 0.585067 0.024405 0.012946
0 0.461668 0.682872 0.027682 0.023175
0 0.140691 0.637076 0.024405 0.013393
0 0.237417 0.544665 0.021429 0.015179
0 0.111830 0.656719 0.020222 0.016964
0 0.129084 0.670335 0.015476 0.020089
0 0.158838 0.647122 0.027364 0.011158
0 0.076703 0.633281 0.020238 0.012054
0 0.219552 0.641095 0.023793 0.011605
0 0.243361 0.672122 0.022603 0.014730
0 0.272237 0.600469 0.020830 0.017857
0 0.288902 0.579933 0.029167 0.016964
0 0.575934 0.615518 0.028323 0.014003
0 0.583016 0.621070 0.012877 0.016416
0 0.594926 0.623726 0.016095 0.015935
0 0.606835 0.626141 0.021885 0.015933
0 0.602650 0.632899 0.030255 0.022693
0 0.176100 0.537970 0.028555 0.016962
0 0.179084 0.533728 0.016667 0.010268
0 0.308241 0.630603 0.016680 0.009375
0 0.324312 0.618549 0.019061 0.012054
0 0.299616 0.606942 0.022024 0.017411
0 0.324319 0.594665 0.019048 0.013393
0 0.330569 0.586853 0.018452 0.011161
0 0.349021 0.738189 0.023214 0.015625
0 0.327884 0.731942 0.022632 0.013834
0 0.340093 0.753368 0.023214 0.014732
0 0.320146 0.750246 0.020251 0.018299
0 0.556462 0.688415 0.017857 0.012500
0 0.491604 0.660420 0.019312 0.009174
0 0.475195 0.714015 0.032844 0.013041
0 0.404689 0.714009 0.023161 0.016907
0 0.355448 0.691321 0.010942 0.022691
0 0.161438 0.470978 0.019901 0.023519
0 0.184952 0.486870 0.012715 0.012078
0 0.193003 0.492908 0.022884 0.015255
0 0.169271 0.498947 0.013562 0.015890
0 0.140243 0.463196 0.052973 0.025102
0 0.154863 0.488776 0.029666 0.014621
0 0.116510 0.463508 0.036022 0.014303
0 0.131131 0.462078 0.012712 0.017798
0 0.125410 0.467640 0.022460 0.022567
0 0.129436 0.475269 0.032206 0.027651
0 0.210103 0.494020 0.009028 0.013666
0 0.204866 0.502364 0.040903 0.018512
0 0.249296 0.505009 0.053598 0.019040
0 0.253018 0.515107 0.039831 0.016964
0 0.260394 0.534467 0.017209 0.017331
0 0.257444 0.553275 0.021144 0.012909
0 0.271696 0.541476 0.040800 0.023229
0 0.290880 0.532806 0.015245 0.017701
0 0.312024 0.544608 0.018194 0.016225
0 0.322596 0.545346 0.063922 0.039829
0 0.328251 0.548849 0.017209 0.012907
0 0.401154 0.540682 0.014808 0.016900
0 0.401156 0.546476 0.012232 0.010139
0 0.404378 0.578824 0.027672 0.035248
0 0.393752 0.573031 0.021888 0.011106
0 0.410167 0.582445 0.014805 0.013517
0 0.439135 0.584134 0.027682 0.015933
0 0.440107 0.604172 0.019322 0.020278
0 0.485809 0.611897 0.030903 0.019311
0 0.430445 0.620346 0.018026 0.020761
0 0.408872 0.625660 0.045721 0.031379
0 0.210276 0.532715 0.015460 0.010623
0 0.352229 0.634348 0.022533 0.016900
0 0.360283 0.568204 0.027054 0.019792
0 0.344826 0.581238 0.037338 0.054559
0 0.428193 0.660662 0.027682 0.009658
0 0.495141 0.645449 0.031551 0.014013
0 0.417894 0.675146 0.028968 0.014484
0 0.540529 0.707253 0.027037 0.012071
0 0.347723 0.683595 0.018667 0.023658
0 0.378302 0.709668 0.033476 0.015933
0 0.325513 0.698563 0.011587 0.009174
0 0.305235 0.688664 0.028968 0.010623
0 0.293004 0.661385 0.018667 0.012071
0 0.299120 0.668870 0.039914 0.012552
0 0.316822 0.674182 0.028968 0.008690
0 0.296222 0.682872 0.031544 0.031865
0 0.216400 0.294058 0.016022 0.014792
0 0.221538 0.311158 0.018075 0.012634
0 0.208801 0.311928 0.027113 0.029581
0 0.142042 0.329784 0.014752 0.013829
0 0.060909 0.321718 0.012295 0.010603
0 0.055379 0.337622 0.020896 0.014752
0 0.123914 0.330472 0.021505 0.013375
0 0.083651 0.350530 0.017209 0.023971
0 0.081500 0.341079 0.025202 0.015213
0 0.062753 0.311347 0.024587 0.012907
0 0.165093 0.290372 0.023968 0.027197
0 0.114383 0.217997 0.020896 0.009680
0 0.119312 0.212241 0.020899 0.018430
0 0.094101 0.207164 0.018439 0.012909
0 0.101169 0.304431 0.014137 0.011987
0 0.125139 0.304892 0.019054 0.017517
0 0.156481 0.262716 0.033796 0.017049
0 0.149416 0.266174 0.030731 0.019353
0 0.142350 0.275620 0.033806 0.009683
0 0.250529 0.242664 0.016601 0.011994
0 0.249297 0.232287 0.038720 0.013368
0 0.242229 0.223299 0.024583 0.018438
0 0.253907 0.228139 0.013522 0.010603
0 0.214876 0.224456 0.027655 0.016124
0 0.193057 0.235745 0.024587 0.015672
0 0.225020 0.249575 0.019669 0.023048
0 0.169395 0.213616 0.022718 0.015675
0 0.166321 0.204629 0.015367 0.011525
0 0.156184 0.239196 0.025794 0.020754
0 0.262204 0.255797 0.021511 0.015211
0 0.336270 0.263403 0.018439 0.013829
0 0.337503 0.271466 0.018446 0.011533
0 0.321510 0.277005 0.017226 0.023504
0 0.304000 0.280691 0.015367 0.020747
0 0.304006 0.295211 0.020294 0.017515
0 0.322746 0.314343 0.013522 0.029043
0 0.333811 0.302125 0.019666 0.027659
0 0.289249 0.284379 0.012910 0.022587
0 0.283719 0.267092 0.033806 0.012909
0 0.267429 0.280921 0.024587 0.011064
0 0.290177 0.255567 0.023343 0.014754
0 0.289864 0.379111 0.028889 0.046099
0 0.309221 0.350526 0.024593 0.022133
0 0.287098 0.381415 0.014752 0.011064
0 0.268659 0.319183 0.015982 0.009219
0 0.340876 0.341079 0.025205 0.034573
0 0.356245 0.341080 0.017827 0.016133
0 0.352558 0.366434 0.014137 0.014291
0 0.400200 0.345920 0.031948 0.022148
0 0.420165 0.348686 0.020291 0.012907
0 0.505604 0.369431 0.023972 0.017517
0 0.497315 0.377277 0.025807 0.012887
0 0.508370 0.379571 0.030734 0.023051
0 0.481019 0.370573 0.031349 0.019816
0 0.434306 0.366434 0.028889 0.011523
0 0.529268 0.356983 0.023356 0.008296
0 0.503452 0.346611 0.025813 0.017979
0 0.481326 0.338313 0.019669 0.025352
0 0.465952 0.339234 0.018426 0.032733
0 0.420784 0.333012 0.019054 0.014750
0 0.514823 0.288067 0.036267 0.017056
0 0.502222 0.281152 0.015979 0.024432
0 0.491159 0.282304 0.024587 0.013829
0 0.534492 0.297285 0.015367 0.016133
0 0.530496 0.291525 0.017209 0.027664
0 0.505298 0.259487 0.018439 0.013368
0 0.519687 0.243862 0.019990 0.010536
0 0.571281 0.655724 0.021610 0.014182
0 0.565513 0.649714 0.023876 0.012235
0 0.566706 0.667470 0.042176 0.021488
0 0.551392 0.653743 0.030628 0.038795
0 0.533881 0.652102 0.017907 0.025365
0 0.621419 0.671499 0.021885 0.010444
0 0.786746 0.603607 0.023876 0.017904
0 0.704580 0.614360 0.022652 0.016121
0 0.712140 0.594953 0.019497 0.019697
0 0.607093 0.420673 0.035417 0.010146
0 0.658019 0.481399 0.032242 0.038492
0 0.709155 0.363674 0.058892 0.023276
0 0.699015 0.343229 0.039405 0.016419
0 0.679312 0.353976 0.055708 0.014623
0 0.641705 0.377103 0.023489 0.014325
0 0.656830 0.371285 0.025863 0.011042
0 0.662799 0.365315 0.020294 0.012832
0 0.641720 0.358006 0.029061 0.016111
0 0.656434 0.328311 0.049739 0.037302
0 0.647083 0.304138 0.036607 0.028351
0 0.659815 0.292500 0.014325 0.010446
0 0.651460 0.323834 0.050929 0.022381
0 0.539469 0.403203 0.037907 0.009477
0 0.570458 0.383347 0.031286 0.013991
0 0.589712 0.359881 0.026475 0.014891
0 0.547593 0.331225 0.018049 0.018051
0 0.588816 0.312266 0.024656 0.015355
0 0.617391 0.313852 0.044524 0.038358
0 0.792184 0.381096 0.045129 0.027520
0 0.742841 0.311375 0.039120 0.027066
0 0.709451 0.308435 0.030086 0.023016
0 0.837913 0.304825 0.019854 0.013991
0 0.800000 0.311595 0.018651 0.019420
0 0.836410 0.337768 0.015645 0.033844
0 0.712459 0.198776 0.014441 0.011282
0 0.705241 0.199449 0.030060 0.017153
0 0.489228 0.230590 0.018052 0.014439
0 0.474177 0.227883 0.019239 0.019854
0 0.701035 0.249991 0.033710 0.025280
0 0.303604 0.241877 0.021032 0.021652
0 0.593631 0.236235 0.028267 0.019395
0 0.583097 0.282267 0.031293 0.019395
0 0.562634 0.265790 0.014441 0.025270
0 0.637247 0.204190 0.021663 0.013991
0 0.636344 0.224501 0.021062 0.027535
0 0.463355 0.266467 0.018052 0.009477
0 0.388442 0.258796 0.018651 0.010379
0 0.321653 0.227883 0.019854 0.011734
0 0.566548 0.120704 0.029484 0.013085
0 0.691100 0.163575 0.039110 0.011282
0 0.460346 0.206221 0.014441 0.013539
0 0.446205 0.215021 0.012636 0.019407
0 0.449215 0.191104 0.018654 0.012183
0 0.439274 0.194256 0.020479 0.017589
0 0.816554 0.244354 0.034901 0.036555
0 0.787067 0.235100 0.050536 0.018961
0 0.615281 0.272780 0.024663 0.024826
0 0.372498 0.292640 0.016849 0.009477
0 0.413112 0.299635 0.023466 0.012634
0 0.451020 0.306405 0.033092 0.015345
0 0.524127 0.263533 0.019253 0.011734
0 0.483813 0.233749 0.033697 0.011734
0 0.528059 0.489970 0.031151 0.026478
0 0.346658 0.221310 0.022953 0.008765
0 0.257770 0.199399 0.027120 0.013777
0 0.360435 0.189072 0.017953 0.012520
0 0.416855 0.183466 0.014312 0.013743
0 0.412275 0.206225 0.012024 0.017178
0 0.454360 0.174448 0.024051 0.019754
0 0.490719 0.190117 0.017748 0.014162
0 0.513049 0.180246 0.018896 0.009018
0 0.453211 0.117546 0.021766 0.013316
0 0.194628 0.298218 0.035744 0.019412
0 0.196065 0.277419 0.022183 0.029581
0 0.077148 0.409250 0.017331 0.021128
0 0.145210 0.374947 0.017338 0.013003
0 0.169917 0.316265 0.013003 0.012029
0 0.240359 0.328945 0.013436 0.007478
0 0.231908 0.344061 0.019940 0.011054
0 0.224970 0.349101 0.012136 0.010077
0 0.163409 0.340159 0.013856 0.011052
0 0.181840 0.341136 0.030777 0.024707
0 0.169702 0.342924 0.023843 0.017232
0 0.186177 0.367473 0.029034 0.021453
0 0.150633 0.388118 0.025585 0.039330
0 0.142826 0.421926 0.022106 0.015280
0 0.163849 0.410872 0.020807 0.023083
0 0.180106 0.412498 0.022976 0.019831
0 0.160597 0.428103 0.019507 0.011379
0 0.073684 0.439482 0.017341 0.010079
0 0.042690 0.426803 0.012569 0.010729
0 0.023618 0.438020 0.012573 0.019506
0 0.072817 0.447610 0.021673 0.014630
0 0.247078 0.442733 0.013872 0.011379
0 0.352632 0.408761 0.016038 0.009759
0 0.373006 0.414937 0.015172 0.011704
0 0.364552 0.421438 0.014739 0.011052
0 0.401832 0.431679 0.019940 0.034787
0 0.380159 0.433305 0.032077 0.016580
0 0.242960 0.362106 0.016038 0.012679
0 0.234074 0.362755 0.023406 0.013978
0 0.275038 0.414773 0.017774 0.013981
0 0.255964 0.404532 0.020374 0.019506
0 0.263552 0.400306 0.021673 0.016257
0 0.259649 0.403883 0.013869 0.010404
0 0.211533 0.374784 0.029474 0.028284
0 0.203947 0.389252 0.016042 0.013003
0 0.215868 0.376736 0.014739 0.010079
0 0.238843 0.383725 0.027745 0.017555
0 0.256845 0.418834 0.052447 0.064365
0 0.234940 0.430867 0.017341 0.014953
0 0.187657 0.441820 0.092662 0.020923
0 0.210574 0.444436 0.020923 0.011957
0 0.177695 0.443502 0.014947 0.013075
0 0.179684 0.455274 0.021915 0.014948
0 0.176450 0.476195 0.048323 0.041845
0 0.455337 0.414038 0.023459 0.014722
0 0.476880 0.415290 0.042603 0.022991
0 0.457014 0.432889 0.047877 0.017237
