0 0.712487 0.424201 0.029544 0.011071
0 0.702485 0.433491 0.018747 0.021074
0 0.691769 0.431525 0.026210 0.016429
0 0.721146 0.438253 0.021749 0.011788
0 0.694279 0.439441 0.011025 0.008599
0 0.691028 0.442749 0.011356 0.007607
0 0.690752 0.449529 0.010142 0.009593
0 0.691303 0.458583 0.009259 0.009010
0 0.694446 0.458292 0.035387 0.020836
0 0.694114 0.469745 0.023042 0.011825
0 0.688767 0.468464 0.012348 0.008103
0 0.645278 0.452960 0.015324 0.008018
0 0.335663 0.490344 0.011696 0.014874
0 0.357991 0.480913 0.015737 0.009251
0 0.352568 0.489606 0.018396 0.005342
0 0.359188 0.493911 0.011432 0.009410
0 0.364425 0.492914 0.010635 0.011324
0 0.347012 0.476706 0.017490 0.011443
0 0.755575 0.454696 0.012348 0.011327
0 0.756291 0.468628 0.008489 0.015377
0 0.755961 0.479000 0.008046 0.007366
0 0.771063 0.468008 0.014884 0.009345
0 0.789696 0.440930 0.009372 0.011409
0 0.752323 0.513402 0.018191 0.024556
0 0.730714 0.521834 0.013558 0.009343
0 0.542989 0.243304 0.052910 0.014881
0 0.270633 0.516045 0.008112 0.019139
0 0.292515 0.499944 0.010407 0.022537
0 0.285658 0.505016 0.020675 0.011054
0 0.287288 0.512001 0.026349 0.008373
0 0.297846 0.503819 0.024752 0.014975
0 0.722111 0.532542 0.019964 0.016042
0 0.704306 0.519437 0.009272 0.006533
0 0.699236 0.521917 0.030218 0.026210
0 0.674375 0.517825 0.018201 0.007440
0 0.304064 0.510637 0.027249 0.023160
0 0.315005 0.511762 0.013786 0.010479
0 0.327604 0.480733 0.021644 0.015032
0 0.661367 0.530764 0.015334 0.017282
0 0.696319 0.540852 0.017308 0.010335
0 0.711863 0.540148 0.006948 0.007111
0 0.716438 0.546101 0.011243 0.008929
0 0.732087 0.548209 0.021177 0.009673
0 0.726857 0.572312 0.010030 0.009757
0 0.685020 0.574007 0.026019 0.019596
0 0.648032 0.547426 0.017526 0.012733
0 0.662359 0.552220 0.013793 0.015377
0 0.653484 0.559289 0.014342 0.008187
0 0.631496 0.558421 0.008489 0.014883
0 0.639319 0.571734 0.009603 0.017530
0 0.669635 0.569376 0.008059 0.008683
0 0.680825 0.589510 0.010155 0.011907
0 0.686447 0.599266 0.010155 0.013562
0 0.670296 0.603399 0.013132 0.006615
0 0.645106 0.603565 0.013022 0.014387
0 0.615670 0.585372 0.007067 0.016711
0 0.687743 0.635268 0.020394 0.006339
0 0.583720 0.404103 0.015159 0.010404
0 0.565162 0.402346 0.017917 0.006339
0 0.546559 0.406928 0.007900 0.007785
0 0.542194 0.419296 0.014792 0.013368
0 0.595198 0.441798 0.029636 0.004658
0 0.599527 0.447257 0.008115 0.014757
0 0.621763 0.445417 0.012487 0.012465
0 0.621303 0.446823 0.004220 0.013899
0 0.615446 0.435827 0.024352 0.021193
0 0.613001 0.431983 0.027100 0.020727
0 0.606379 0.431925 0.023505 0.022450
0 0.565861 0.456466 0.008773 0.006458
0 0.609238 0.486869 0.019289 0.009050
0 0.626867 0.494345 0.007550 0.006300
0 0.618464 0.511332 0.014468 0.010129
0 0.621096 0.520902 0.017708 0.013237
0 0.619425 0.527181 0.012970 0.009849
0 0.620351 0.537340 0.020516 0.014586
0 0.586205 0.525827 0.019600 0.006833
0 0.579699 0.502258 0.026336 0.026987
0 0.496563 0.431147 0.019937 0.011024
0 0.512455 0.422913 0.020486 0.014263
0 0.510665 0.418435 0.026640 0.029147
0 0.471824 0.448310 0.024805 0.022393
0 0.453036 0.442553 0.017917 0.011858
0 0.420605 0.446585 0.025079 0.007793
0 0.408938 0.453581 0.016627 0.028249
0 0.404845 0.462062 0.013406 0.028564
0 0.396139 0.470437 0.010909 0.011915
0 0.413573 0.471999 0.025089 0.033899
0 0.408062 0.476339 0.009656 0.017500
0 0.463550 0.491395 0.012047 0.012195
0 0.441139 0.487639 0.030777 0.016949
0 0.441594 0.483713 0.022335 0.008130
0 0.433375 0.486572 0.008634 0.005719
0 0.414679 0.496528 0.021958 0.007168
0 0.504573 0.497493 0.030132 0.010060
0 0.493500 0.505192 0.023542 0.011004
0 0.500966 0.506749 0.026091 0.006364
0 0.511430 0.517130 0.018310 0.021101
0 0.521797 0.525575 0.012378 0.017703
0 0.463676 0.517657 0.009950 0.008564
0 0.472639 0.534356 0.010780 0.008757
0 0.328358 0.281204 0.016174 0.021193
0 0.334808 0.296254 0.029484 0.017507
0 0.370637 0.272221 0.012702 0.012130
0 0.372687 0.286732 0.015149 0.031942
0 0.378113 0.299249 0.012080 0.009980
0 0.389888 0.312300 0.024980 0.009675
0 0.401863 0.319673 0.011260 0.006602
0 0.425615 0.316064 0.008393 0.010134
0 0.410362 0.292568 0.009011 0.007374
0 0.442303 0.300399 0.013105 0.007986
0 0.440562 0.309077 0.015357 0.011210
0 0.450903 0.288806 0.009418 0.010598
0 0.440359 0.280283 0.007986 0.011979
0 0.428381 0.260857 0.022113 0.014591
0 0.405038 0.247040 0.011055 0.009988
0 0.442816 0.238513 0.016994 0.014437
0 0.534853 0.272682 0.017609 0.012438
0 0.543861 0.281050 0.016789 0.019348
0 0.555020 0.286809 0.011263 0.009368
0 0.525227 0.287654 0.032351 0.025491
0 0.539153 0.293516 0.047493 0.006515
0 0.509861 0.296390 0.011660 0.007785
0 0.525076 0.295590 0.022183 0.009172
0 0.528489 0.296283 0.024173 0.007359
0 0.572001 0.298421 0.006541 0.019933
0 0.624816 0.298203 0.031154 0.012264
0 0.591827 0.312333 0.022054 0.022180
0 0.585506 0.312493 0.009669 0.007356
0 0.606906 0.313772 0.012371 0.014182
0 0.612310 0.318945 0.012371 0.010236
0 0.637763 0.313079 0.017206 0.016208
0 0.656176 0.321451 0.025023 0.013755
0 0.660511 0.319478 0.010096 0.011942
0 0.656033 0.306842 0.007106 0.016744
0 0.645015 0.336860 0.010380 0.013651
0 0.634137 0.331581 0.010522 0.011625
0 0.613163 0.330568 0.011802 0.007892
0 0.632431 0.345392 0.022751 0.017490
0 0.647999 0.354137 0.012368 0.006186
0 0.655394 0.358509 0.012083 0.008105
0 0.649066 0.363522 0.010519 0.007465
0 0.617713 0.345445 0.007252 0.007145
0 0.620984 0.351791 0.013793 0.007465
0 0.534532 0.314892 0.008390 0.008316
0 0.542282 0.318998 0.011376 0.010556
0 0.512918 0.325716 0.011802 0.009705
0 0.568800 0.340539 0.023175 0.011625
0 0.572497 0.352702 0.026019 0.011848
0 0.514554 0.340763 0.015073 0.012691
0 0.532612 0.344064 0.015073 0.005002
0 0.540433 0.354035 0.029577 0.018780
0 0.545339 0.354782 0.015215 0.008968
0 0.540078 0.362834 0.022325 0.006069
0 0.509506 0.351364 0.015499 0.011518
0 0.515549 0.355950 0.012229 0.011518
0 0.506804 0.362834 0.010096 0.008222
0 0.520455 0.371845 0.022325 0.008968
0 0.482563 0.365122 0.025880 0.009385
0 0.543348 0.375517 0.028013 0.018450
0 0.570008 0.374239 0.012794 0.008423
0 0.529555 0.382023 0.013509 0.013544
0 0.538514 0.386022 0.015784 0.011305
0 0.614727 0.376958 0.008958 0.013648
0 0.631720 0.378078 0.015357 0.014182
0 0.641958 0.387728 0.017917 0.005759
0 0.622406 0.387195 0.008674 0.007465
0 0.618709 0.392261 0.012940 0.009705
0 0.332474 0.336060 0.008399 0.015677
0 0.328287 0.336753 0.028155 0.019623
0 0.253495 0.355737 0.021045 0.015784
0 0.174722 0.328702 0.008532 0.013118
0 0.209912 0.363149 0.018912 0.014397
0 0.221288 0.365970 0.037113 0.011949
0 0.202440 0.376478 0.016224 0.015248
0 0.230737 0.396153 0.018783 0.013011
0 0.173514 0.390128 0.016353 0.016317
0 0.596941 0.546380 0.020357 0.006124
0 0.600484 0.548558 0.017993 0.014596
0 0.601921 0.561884 0.016779 0.003063
0 0.602108 0.562243 0.012192 0.008182
0 0.602685 0.565998 0.012566 0.016173
0 0.619656 0.564323 0.022778 0.009474
0 0.615825 0.566956 0.011683 0.006505
0 0.568406 0.620465 0.019623 0.007359
0 0.580155 0.612124 0.015258 0.007696
0 0.601928 0.607101 0.021157 0.018224
0 0.578052 0.585799 0.019663 0.015119
0 0.570852 0.592784 0.015440 0.004497
0 0.582078 0.589291 0.023608 0.016076
0 0.442655 0.514834 0.020351 0.013254
0 0.589544 0.584411 0.008419 0.008232
0 0.577229 0.601132 0.009570 0.010761
0 0.572508 0.601373 0.008932 0.006555
0 0.564183 0.597687 0.010146 0.009144
0 0.573530 0.585919 0.021564 0.007225
0 0.575604 0.575223 0.011167 0.011101
0 0.564279 0.548118 0.014544 0.009524
0 0.550020 0.554789 0.012950 0.013115
0 0.504182 0.577493 0.038535 0.007321
0 0.507626 0.582253 0.014418 0.008326
0 0.512252 0.579309 0.011164 0.010097
0 0.527627 0.584549 0.014990 0.009187
0 0.557963 0.569311 0.013525 0.011915
0 0.550979 0.579143 0.019841 0.008614
0 0.524342 0.577085 0.063413 0.015216
0 0.514038 0.564169 0.010655 0.012063
0 0.487070 0.613878 0.009034 0.006605
0 0.543489 0.624299 0.011032 0.008728
0 0.533350 0.623783 0.009418 0.011024
0 0.543829 0.623981 0.024114 0.012927
0 0.540203 0.659697 0.027867 0.019350
0 0.525193 0.656052 0.008277 0.011711
0 0.499010 0.654932 0.018535 0.008098
0 0.506093 0.660415 0.015089 0.010796
0 0.494497 0.664607 0.031389 0.011600
0 0.516199 0.667190 0.012946 0.006890
0 0.521782 0.713574 0.029874 0.009013
0 0.513735 0.702412 0.016868 0.010171
0 0.535840 0.705058 0.012348 0.009179
0 0.431739 0.693724 0.014425 0.018604
0 0.385162 0.685423 0.014425 0.023772
0 0.384795 0.669609 0.029491 0.024531
0 0.377078 0.648869 0.011114 0.010749
0 0.347817 0.634435 0.017454 0.020878
0 0.271979 0.633368 0.021405 0.013229
0 0.458409 0.578253 0.033347 0.013986
0 0.473292 0.549416 0.012768 0.011024
0 0.460661 0.544663 0.010840 0.009231
0 0.412245 0.532949 0.009921 0.018879
0 0.424234 0.553275 0.014606 0.008956
0 0.391943 0.566711 0.019845 0.007029
0 0.384916 0.553276 0.014606 0.023428
0 0.381055 0.534948 0.022692 0.003998
0 0.378667 0.534603 0.005602 0.016677
0 0.365898 0.532191 0.023059 0.009095
0 0.363601 0.555135 0.017361 0.007855
0 0.179699 0.401859 0.013935 0.033594
0 0.179058 0.423082 0.018340 0.013331
0 0.192495 0.422974 0.017629 0.018021
0 0.265936 0.395780 0.016349 0.018023
0 0.287761 0.390288 0.015357 0.009598
0 0.288899 0.385275 0.015073 0.013011
0 0.260604 0.400846 0.043793 0.021329
0 0.227402 0.430759 0.039104 0.032525
0 0.173158 0.447501 0.018485 0.008212
0 0.206073 0.457793 0.011518 0.011731
0 0.204367 0.464031 0.014646 0.025915
0 0.201594 0.478647 0.022751 0.007582
0 0.142870 0.486533 0.010807 0.014395
0 0.226407 0.468409 0.012087 0.026778
0 0.233232 0.460890 0.013509 0.006602
0 0.237641 0.463232 0.010949 0.014931
0 0.246311 0.460735 0.012933 0.019750
0 0.250367 0.452040 0.013366 0.018544
0 0.243748 0.427240 0.017219 0.010769
0 0.245952 0.429805 0.022196 0.010568
0 0.257191 0.419141 0.021326 0.005216
0 0.269420 0.421327 0.010235 0.016840
0 0.304114 0.403891 0.039246 0.029955
0 0.297573 0.406231 0.017917 0.009492
0 0.294658 0.410342 0.017490 0.006622
0 0.308522 0.425538 0.021898 0.015025
0 0.303616 0.425544 0.010096 0.008852
0 0.333325 0.381822 0.022054 0.008852
0 0.336817 0.402935 0.013363 0.012051
0 0.276734 0.453367 0.036558 0.017383
0 0.290179 0.453480 0.014788 0.010119
0 0.291245 0.460832 0.013509 0.007145
0 0.269767 0.465743 0.011815 0.006515
0 0.322237 0.450327 0.007550 0.014931
0 0.350895 0.457371 0.020473 0.014514
0 0.370904 0.409784 0.041564 0.029177
0 0.382133 0.405730 0.009385 0.013331
0 0.363790 0.372723 0.019054 0.008958
0 0.359810 0.375763 0.025308 0.005866
0 0.416971 0.352623 0.016210 0.012051
0 0.431615 0.357742 0.015354 0.018450
0 0.418677 0.368085 0.014220 0.027192
0 0.410003 0.370325 0.018201 0.009916
0 0.414482 0.383601 0.018628 0.014291
0 0.409363 0.377202 0.023462 0.010878
0 0.402467 0.379549 0.012229 0.013651
0 0.392016 0.384348 0.011518 0.009172
0 0.448748 0.386907 0.010949 0.025809
0 0.454863 0.396559 0.017490 0.008638
0 0.434246 0.392821 0.030284 0.025499
0 0.432113 0.391541 0.030569 0.015047
0 0.421235 0.411169 0.022179 0.010131
0 0.475623 0.394053 0.010096 0.010025
0 0.479392 0.406584 0.011944 0.013757
0 0.352485 0.593584 0.014421 0.015159
0 0.359421 0.592378 0.024253 0.018259
0 0.339254 0.591447 0.010565 0.008266
0 0.339347 0.586142 0.015711 0.006615
0 0.312700 0.595375 0.023251 0.007857
0 0.301131 0.587692 0.014239 0.008752
0 0.290933 0.586416 0.007077 0.017639
0 0.235443 0.556892 0.018466 0.012748
0 0.177153 0.546488 0.009187 0.013299
0 0.208894 0.524785 0.032979 0.044303
0 0.227819 0.508524 0.049884 0.048576
0 0.194654 0.514105 0.017179 0.010957
0 0.170493 0.513451 0.040880 0.024253
0 0.168287 0.513382 0.022877 0.024392
0 0.173433 0.524267 0.021038 0.009234
0 0.154094 0.521443 0.014517 0.008130
0 0.143750 0.509895 0.010582 0.012651
0 0.127930 0.504892 0.009590 0.021332
0 0.101085 0.509524 0.011905 0.016205
0 0.328373 0.562674 0.015886 0.007416
0 0.279663 0.558223 0.023604 0.014308
0 0.259117 0.547194 0.010853 0.012344
0 0.311179 0.538053 0.021564 0.010332
0 0.322376 0.525708 0.011419 0.018951
0 0.261928 0.532359 0.011356 0.022014
0 0.474201 0.420606 0.017206 0.014075
0 0.452517 0.429085 0.021329 0.014182
0 0.414909 0.434043 0.033125 0.005119
0 0.728528 0.315201 0.016190 0.006905
0 0.685111 0.340562 0.016987 0.014288
0 0.678523 0.343776 0.017781 0.009050
0 0.711066 0.348240 0.015559 0.020598
0 0.717416 0.354374 0.021591 0.019050
0 0.689476 0.387949 0.011749 0.013810
0 0.717090 0.402474 0.030813 0.009526
0 0.673365 0.412356 0.025241 0.011429
0 0.640660 0.411047 0.022067 0.013095
0 0.657092 0.420869 0.025083 0.021074
0 0.683047 0.425692 0.014765 0.008571
