0 0.190780 0.252828 0.012506 0.011681
0 0.154323 0.316717 0.008966 0.007080
0 0.128954 0.369457 0.010611 0.015576
0 0.234199 0.194957 0.007315 0.010619
0 0.308876 0.222513 0.006456 0.014933
0 0.336045 0.188817 0.013443 0.017755
0 0.328921 0.252578 0.008879 0.015336
0 0.369680 0.211616 0.004842 0.010090
0 0.371967 0.205161 0.015874 0.012509
0 0.370268 0.197190 0.006532 0.006696
0 0.413565 0.187376 0.007994 0.005770
0 0.409984 0.190884 0.007475 0.015883
0 0.413462 0.194232 0.007787 0.005448
0 0.286415 0.316191 0.005797 0.008996
0 0.329194 0.327734 0.008596 0.012292
0 0.310604 0.345875 0.013792 0.014991
0 0.285915 0.389353 0.019192 0.019193
0 0.263127 0.435080 0.009595 0.012295
0 0.299208 0.420388 0.011395 0.012894
0 0.307405 0.404646 0.014593 0.014395
0 0.279219 0.418439 0.012994 0.014991
0 0.274522 0.399248 0.009996 0.014994
0 0.360478 0.438828 0.017191 0.019190
0 0.402257 0.386356 0.008796 0.018591
0 0.243237 0.446774 0.008194 0.014091
0 0.233442 0.463566 0.006997 0.030286
0 0.242038 0.489802 0.006198 0.025188
0 0.307405 0.485454 0.008596 0.014091
0 0.308104 0.526984 0.007596 0.014991
0 0.321798 0.518588 0.007797 0.011395
0 0.331793 0.528333 0.012595 0.009294
0 0.344286 0.503746 0.011196 0.014690
0 0.356580 0.490703 0.006597 0.013194
0 0.357879 0.506445 0.005997 0.017092
0 0.373171 0.490103 0.011794 0.017989
0 0.269926 0.539278 0.007602 0.016791
0 0.318700 0.578559 0.026786 0.025787
0 0.331192 0.577358 0.007396 0.010793
0 0.346985 0.584255 0.010594 0.012595
0 0.385067 0.544525 0.007996 0.011696
0 0.397260 0.523686 0.007996 0.011395
0 0.440838 0.533432 0.004797 0.009896
0 0.470923 0.545425 0.006997 0.014091
0 0.387365 0.557569 0.011794 0.007795
0 0.397459 0.568963 0.015992 0.017989
0 0.400958 0.578258 0.009396 0.011395
0 0.401358 0.561467 0.007797 0.007795
0 0.438339 0.604795 0.005799 0.011696
0 0.447938 0.631332 0.011385 0.016791
0 0.341941 0.623955 0.011381 0.010422
0 0.343061 0.614025 0.006620 0.017645
0 0.345063 0.621289 0.009840 0.015101
0 0.347330 0.632938 0.009028 0.013793
0 0.346399 0.648206 0.009138 0.015098
0 0.500711 0.624971 0.015885 0.017703
0 0.543832 0.670247 0.008625 0.026554
0 0.515463 0.600800 0.012708 0.019742
0 0.520683 0.562331 0.012257 0.016340
0 0.544285 0.564034 0.008625 0.012934
0 0.551548 0.511607 0.014072 0.023828
0 0.494357 0.508885 0.011348 0.018383
0 0.391318 0.461904 0.014979 0.019745
0 0.416057 0.451011 0.013619 0.031999
0 0.423093 0.473478 0.008625 0.019745
0 0.398809 0.461905 0.013617 0.014297
0 0.443745 0.398585 0.008169 0.017020
0 0.439434 0.351264 0.009531 0.023148
0 0.465987 0.386330 0.014524 0.012937
0 0.469845 0.330158 0.009531 0.016340
0 0.551091 0.347180 0.018617 0.032682
0 0.582641 0.383945 0.010895 0.019065
0 0.603295 0.372373 0.011350 0.017703
0 0.569478 0.320626 0.008169 0.014980
0 0.225776 0.665509 0.035025 0.059543
0 0.253408 0.703746 0.010897 0.020431
0 0.390683 0.284695 0.006204 0.012798
0 0.402608 0.235253 0.008337 0.012214
0 0.422190 0.238887 0.007174 0.014251
0 0.415501 0.250085 0.013185 0.017451
0 0.442354 0.252558 0.008725 0.012506
0 0.487627 0.245870 0.007755 0.013087
0 0.413078 0.293999 0.007949 0.016875
0 0.441869 0.293129 0.008530 0.012214
0 0.471632 0.299381 0.009113 0.009016
0 0.523012 0.248485 0.007174 0.010761
0 0.446814 0.263028 0.007949 0.009598
0 0.442766 0.278767 0.005868 0.005660
0 0.447272 0.275191 0.002620 0.013125
0 0.448478 0.283012 0.003565 0.014149
0 0.453167 0.287335 0.007180 0.011163
0 0.455448 0.288913 0.007338 0.003290
0 0.452828 0.266427 0.005660 0.009277
0 0.452408 0.271929 0.004925 0.003302
0 0.452853 0.271811 0.007388 0.009352
0 0.458775 0.268863 0.005293 0.009277
0 0.459509 0.274365 0.006970 0.003458
0 0.452827 0.285370 0.007440 0.015093
0 0.461002 0.281755 0.008698 0.010061
0 0.455527 0.281911 0.004664 0.007862
0 0.462469 0.265955 0.003773 0.012731
0 0.468365 0.275191 0.008856 0.017216
0 0.469936 0.274562 0.005502 0.008568
0 0.467657 0.283129 0.006078 0.004795
0 0.476069 0.195399 0.008086 0.009988
