0 0.241817 0.202837 0.016698 0.024025
0 0.184568 0.294077 0.014653 0.009201
0 0.154580 0.398096 0.009199 0.018912
0 0.199051 0.404485 0.009541 0.012269
0 0.210977 0.435409 0.010905 0.014823
0 0.308266 0.271587 0.009201 0.011247
0 0.362788 0.332669 0.013972 0.020958
0 0.394309 0.354138 0.012269 0.019936
0 0.128040 0.449696 0.012153 0.014063
0 0.162413 0.500734 0.008681 0.016143
0 0.155821 0.514795 0.007282 0.015104
0 0.112417 0.573124 0.008681 0.013018
0 0.132728 0.587445 0.015972 0.017708
0 0.187927 0.606714 0.015978 0.017705
0 0.253899 0.695249 0.011111 0.015625
0 0.335023 0.850317 0.010779 0.018053
0 0.349942 0.845427 0.012037 0.015796
0 0.363607 0.772652 0.010282 0.013163
0 0.428423 0.757985 0.011534 0.016172
0 0.390812 0.794090 0.016046 0.022190
0 0.377147 0.818912 0.013287 0.015422
0 0.379027 0.839784 0.014041 0.018805
0 0.419646 0.819475 0.017552 0.018805
0 0.499631 0.737675 0.018555 0.024447
0 0.419897 0.855395 0.015546 0.016924
0 0.473429 0.878524 0.014292 0.013542
0 0.510537 0.839784 0.010781 0.018805
0 0.504144 0.870250 0.009026 0.015043
0 0.553602 0.585019 0.009049 0.013186
0 0.634131 0.536547 0.017062 0.031797
0 0.579971 0.617786 0.012149 0.018223
0 0.487938 0.277781 0.026292 0.032679
