0 0.380345 0.302647 0.016342 0.020633
0 0.367134 0.279338 0.013562 0.013688
0 0.203999 0.478858 0.017620 0.034690
0 0.287040 0.543212 0.018061 0.027649
0 0.257523 0.578657 0.024227 0.029158
0 0.204218 0.629183 0.013658 0.015583
0 0.248931 0.633707 0.019383 0.013575
0 0.189899 0.706607 0.022912 0.034690
0 0.342767 0.657839 0.014098 0.019610
0 0.298494 0.708365 0.019824 0.023127
0 0.395630 0.534164 0.037885 0.032678
0 0.402018 0.677448 0.012776 0.017594
0 0.433737 0.761911 0.012776 0.022624
0 0.581489 0.509311 0.017565 0.021102
0 0.578024 0.531337 0.020338 0.020310
0 0.589697 0.544524 0.022883 0.016618
0 0.583917 0.547559 0.021032 0.021630
0 0.589697 0.559694 0.015487 0.025851
0 0.579873 0.600182 0.018028 0.015034
0 0.610151 0.612184 0.016643 0.013713
0 0.631528 0.609155 0.052920 0.038764
0 0.477943 0.611262 0.014330 0.014510
0 0.477481 0.634078 0.016643 0.010553
0 0.499207 0.636582 0.030973 0.017674
0 0.507297 0.659269 0.015718 0.016090
0 0.484067 0.690262 0.013636 0.012661
0 0.483375 0.623131 0.029813 0.023479
0 0.559763 0.714267 0.010169 0.025851
0 0.561612 0.735765 0.014793 0.015034
0 0.530064 0.737479 0.024271 0.027431
0 0.584379 0.719409 0.017337 0.021366
0 0.446394 0.801050 0.015483 0.019518
0 0.440843 0.781926 0.012718 0.018202
0 0.481410 0.780078 0.026809 0.015562
0 0.493775 0.778759 0.024267 0.028751
0 0.553061 0.813049 0.031895 0.024003
0 0.605992 0.683405 0.024499 0.012661
0 0.625290 0.696593 0.015024 0.015298
0 0.652218 0.684327 0.014793 0.019786
0 0.654412 0.746578 0.015024 0.018730
0 0.695588 0.315398 0.016904 0.016153
0 0.756917 0.427334 0.019262 0.030059
0 0.809791 0.486555 0.069188 0.084795
0 0.780378 0.739363 0.015645 0.040620
0 0.796807 0.772173 0.015648 0.033927
0 0.777446 0.798064 0.014473 0.025893
0 0.738136 0.819269 0.016427 0.018303
0 0.669881 0.838462 0.017602 0.018298
0 0.654627 0.860780 0.023077 0.019195
0 0.708799 0.842479 0.022688 0.020088
0 0.717014 0.869040 0.021124 0.021425
0 0.697260 0.885109 0.030900 0.027678
0 0.089109 0.908686 0.021091 0.027775
0 0.129938 0.891406 0.022710 0.022837
0 0.189423 0.945407 0.038935 0.043202
0 0.154813 0.981201 0.015141 0.018512
0 0.344354 0.967624 0.017844 0.023453
0 0.351654 0.886777 0.028120 0.019749
0 0.395457 0.872890 0.018384 0.020365
0 0.402758 0.937385 0.014602 0.028391
0 0.473329 0.885851 0.016221 0.026538
0 0.649761 0.947586 0.022262 0.021878
0 0.992494 0.913263 0.015013 0.022712
0 0.948322 0.989487 0.016085 0.011513
0 0.727433 0.667290 0.015718 0.022393
