0 0.353505 0.646825 0.026455 0.014881
0 0.335979 0.707837 0.023148 0.009921
0 0.359458 0.695685 0.026455 0.012401
0 0.416005 0.674603 0.069444 0.024802
0 0.223545 0.625496 0.029762 0.034722
0 0.230159 0.535714 0.029762 0.019841
0 0.195106 0.532242 0.016534 0.024802
0 0.209325 0.522817 0.019841 0.019841
0 0.225198 0.507937 0.019841 0.019841
0 0.227844 0.522817 0.026455 0.029762
0 0.361111 0.629464 0.023148 0.019841
0 0.221892 0.620784 0.019841 0.022321
0 0.162698 0.582093 0.029762 0.012401
0 0.200397 0.572917 0.029762 0.024802
0 0.435516 0.629216 0.026455 0.017361
0 0.437500 0.615823 0.033069 0.012401
0 0.433201 0.605159 0.029762 0.014881
0 0.373677 0.617808 0.029762 0.027282
0 0.378307 0.618304 0.023148 0.022321
0 0.319775 0.626240 0.019841 0.012401
0 0.327050 0.622024 0.026455 0.024802
0 0.284061 0.637649 0.019841 0.017361
0 0.277447 0.619048 0.019841 0.029762
0 0.263558 0.574901 0.033069 0.009921
0 0.233466 0.588790 0.016534 0.019841
0 0.235780 0.597966 0.033069 0.012401
0 0.299769 0.576389 0.149802 0.114087
0 0.391204 0.560764 0.059524 0.076885
0 0.326058 0.542411 0.029762 0.032242
0 0.345899 0.555556 0.029762 0.014881
0 0.339947 0.528274 0.023148 0.019841
0 0.353505 0.524802 0.019841 0.029762
0 0.385582 0.523313 0.042989 0.014881
0 0.384921 0.572669 0.029762 0.017361
0 0.384921 0.548115 0.049603 0.049603
0 0.379299 0.553819 0.019841 0.027282
0 0.371362 0.536458 0.046296 0.017361
0 0.296958 0.506944 0.023148 0.009921
0 0.334656 0.509921 0.016534 0.014881
0 0.332341 0.491567 0.026455 0.024802
0 0.134590 0.544891 0.019841 0.062004
0 0.125992 0.525050 0.026455 0.027282
0 0.168981 0.506696 0.013228 0.022321
0 0.090939 0.467014 0.019841 0.012401
0 0.138558 0.499008 0.033069 0.014881
0 0.395833 0.440476 0.013228 0.024802
0 0.421958 0.453125 0.029762 0.012401
0 0.719907 0.466766 0.019841 0.014881
0 0.708333 0.459077 0.016534 0.012401
0 0.727183 0.444940 0.033069 0.034722
0 0.726190 0.438740 0.036376 0.022321
0 0.166336 0.479415 0.013228 0.027282
0 0.165344 0.476687 0.016534 0.019841
0 0.437500 0.428819 0.026455 0.012401
0 0.233796 0.493552 0.019841 0.024802
0 0.249008 0.491567 0.079365 0.019841
0 0.218585 0.481399 0.019841 0.012401
0 0.267526 0.484127 0.013228 0.019841
0 0.269511 0.473958 0.019841 0.022321
0 0.311508 0.457341 0.016534 0.014881
0 0.294974 0.449157 0.016534 0.017361
0 0.418651 0.494296 0.023148 0.012401
0 0.350198 0.412202 0.033069 0.009921
0 0.746032 0.447669 0.023148 0.017361
0 0.379960 0.477927 0.026455 0.012401
0 0.764220 0.420883 0.019841 0.017361
0 0.593254 0.554812 0.016534 0.027282
0 0.579365 0.521329 0.036376 0.054563
0 0.563161 0.537450 0.019841 0.017361
0 0.583333 0.538442 0.016534 0.017361
0 0.576058 0.500496 0.029762 0.014881
0 0.601190 0.537946 0.023148 0.022321
0 0.600198 0.489583 0.026455 0.019841
0 0.443122 0.577629 0.023148 0.012401
0 0.472553 0.555308 0.013228 0.022321
0 0.641865 0.512649 0.059524 0.057044
0 0.726852 0.536954 0.036376 0.012401
0 0.667989 0.525794 0.016534 0.019841
0 0.800595 0.433284 0.026455 0.017361
0 0.786706 0.479663 0.033069 0.014881
0 0.469577 0.692956 0.036376 0.014881
0 0.489749 0.697669 0.026455 0.017361
0 0.574405 0.590278 0.019841 0.019841
0 0.535384 0.601438 0.026455 0.017361
0 0.742725 0.562004 0.029762 0.024802
0 0.522817 0.639137 0.072751 0.042163
0 0.558201 0.702381 0.036376 0.024802
0 0.700397 0.656250 0.042989 0.034722
0 0.645503 0.642609 0.036376 0.017361
0 0.631283 0.666171 0.033069 0.014881
0 0.542328 0.686508 0.023148 0.024802
0 0.698082 0.579861 0.026455 0.014881
0 0.510251 0.644841 0.026455 0.014881
0 0.612434 0.604663 0.023148 0.014881
0 0.500992 0.732639 0.026455 0.009921
0 0.548942 0.297371 0.033069 0.019841
0 0.541336 0.306548 0.026455 0.014881
0 0.656415 0.358631 0.036376 0.029762
0 0.661376 0.370288 0.033069 0.009921
0 0.664683 0.362351 0.026455 0.022321
0 0.671958 0.375992 0.042989 0.019841
0 0.672950 0.378472 0.016534 0.019841
0 0.655423 0.389633 0.023148 0.012401
0 0.383267 0.361607 0.029762 0.012401
0 0.264550 0.416419 0.013228 0.029762
0 0.230489 0.428571 0.013228 0.022321
0 0.413360 0.364335 0.026455 0.014881
0 0.417328 0.364087 0.029762 0.012401
0 0.410053 0.329613 0.033069 0.014881
0 0.419643 0.346230 0.016534 0.029762
0 0.409722 0.343006 0.029762 0.024802
0 0.379960 0.354167 0.042989 0.032242
0 0.233135 0.439732 0.036376 0.014881
0 0.209656 0.425099 0.013228 0.017361
0 0.400132 0.308532 0.019841 0.027282
0 0.418320 0.301587 0.016534 0.024802
0 0.422950 0.317212 0.036376 0.014881
0 0.249669 0.417411 0.016534 0.034722
0 0.413360 0.306052 0.033069 0.017361
0 0.354497 0.382688 0.023148 0.024802
0 0.447090 0.303571 0.029762 0.012401
0 0.439815 0.328869 0.026455 0.049603
0 0.221561 0.439980 0.026455 0.022321
0 0.434854 0.346974 0.023148 0.019841
0 0.312500 0.433036 0.009921 0.019841
0 0.169974 0.333333 0.013228 0.027282
0 0.309854 0.414435 0.070767 0.076885
0 0.311508 0.406250 0.016534 0.027282
0 0.280754 0.381696 0.016534 0.019841
0 0.205688 0.326389 0.023148 0.024802
0 0.176918 0.342014 0.049603 0.024802
0 0.227183 0.337054 0.039683 0.024802
0 0.194775 0.356895 0.029762 0.019841
0 0.206680 0.360367 0.023148 0.029762
0 0.318783 0.390129 0.013228 0.019841
0 0.222222 0.320933 0.023148 0.017361
0 0.227183 0.326389 0.039683 0.029762
0 0.337302 0.397073 0.019841 0.032242
0 0.334656 0.392609 0.023148 0.029762
0 0.329696 0.369048 0.026455 0.017361
0 0.333003 0.369792 0.019841 0.012401
0 0.201389 0.336310 0.062831 0.054563
0 0.319775 0.344990 0.019841 0.032242
0 0.333995 0.345486 0.033069 0.029762
0 0.259590 0.340030 0.029762 0.017361
0 0.252646 0.385913 0.019841 0.029762
0 0.260913 0.385169 0.023148 0.029762
0 0.266865 0.380456 0.026455 0.017361
0 0.265873 0.424851 0.039683 0.024802
0 0.286706 0.422371 0.033069 0.029762
0 0.294312 0.421379 0.033069 0.014881
0 0.759921 0.414931 0.029762 0.012401
0 0.760913 0.406250 0.033069 0.009921
0 0.750992 0.395833 0.026455 0.014881
0 0.736442 0.399058 0.039683 0.012401
0 0.593585 0.461558 0.013228 0.012401
0 0.603505 0.462054 0.026455 0.017361
0 0.253307 0.285714 0.029762 0.014881
0 0.749008 0.346726 0.026455 0.009921
0 0.322421 0.209821 0.026455 0.014881
0 0.308201 0.228671 0.023148 0.014881
0 0.240079 0.260417 0.016534 0.019841
0 0.174934 0.422123 0.026455 0.019841
0 0.189153 0.445188 0.042989 0.017361
0 0.435516 0.274058 0.013228 0.022321
0 0.417989 0.275050 0.029762 0.017361
0 0.430225 0.251736 0.019841 0.027282
0 0.458333 0.267113 0.023148 0.017361
0 0.335317 0.306300 0.036376 0.017361
0 0.351521 0.288690 0.039683 0.019841
0 0.372024 0.277034 0.039683 0.012401
0 0.341270 0.274554 0.056217 0.027282
0 0.123016 0.343502 0.023148 0.017361
0 0.126323 0.424107 0.029762 0.014881
0 0.481481 0.245536 0.016534 0.024802
0 0.532077 0.237599 0.026455 0.024802
0 0.408399 0.228919 0.019841 0.032242
0 0.394180 0.249504 0.069444 0.034722
0 0.497685 0.279266 0.046296 0.024802
0 0.547288 0.238343 0.013228 0.022321
0 0.147156 0.382688 0.026455 0.037202
0 0.424272 0.234375 0.026455 0.032242
0 0.171958 0.375992 0.016534 0.019841
0 0.184524 0.399554 0.029762 0.027282
0 0.168320 0.390129 0.019841 0.012401
0 0.175595 0.397569 0.039683 0.012401
0 0.515873 0.231647 0.029762 0.044643
0 0.572751 0.255208 0.023148 0.042163
0 0.586310 0.322173 0.026455 0.017361
0 0.598876 0.265625 0.019841 0.022321
0 0.659061 0.257688 0.039683 0.012401
0 0.613426 0.267609 0.019841 0.032242
0 0.636905 0.266369 0.029762 0.029762
0 0.648479 0.281250 0.026455 0.029762
0 0.657738 0.281250 0.019841 0.029762
0 0.674934 0.273562 0.033069 0.017361
0 0.704200 0.310516 0.030093 0.009921
0 0.625000 0.296131 0.016534 0.034722
0 0.641865 0.316220 0.033069 0.012401
0 0.643188 0.319196 0.026455 0.012401
0 0.530787 0.423363 0.027844 0.012401
0 0.680797 0.410414 0.026792 0.011483
0 0.663178 0.430221 0.019147 0.025818
0 0.618932 0.452754 0.018089 0.030141
0 0.605820 0.436756 0.023148 0.017361
0 0.697822 0.388601 0.028694 0.011478
0 0.711033 0.420604 0.019137 0.018658
0 0.705099 0.426920 0.044015 0.012917
0 0.611772 0.435020 0.023148 0.019841
0 0.610780 0.445933 0.039683 0.014881
0 0.507275 0.490575 0.079365 0.047123
0 0.457011 0.465278 0.029762 0.014881
0 0.487765 0.467262 0.029762 0.017361
0 0.281746 0.324653 0.029762 0.024802
0 0.278439 0.349454 0.029762 0.034722
0 0.281085 0.351687 0.033069 0.027282
0 0.298280 0.333829 0.016534 0.024802
0 0.305556 0.333085 0.033069 0.044643
0 0.485119 0.498016 0.066138 0.037202
0 0.527116 0.491815 0.026455 0.014881
0 0.601521 0.303323 0.019841 0.022321
0 0.514550 0.390377 0.023148 0.024802
0 0.530423 0.441716 0.023148 0.022321
0 0.547950 0.450397 0.039683 0.019841
0 0.487103 0.520833 0.026455 0.019841
0 0.576720 0.427827 0.016534 0.017361
0 0.572090 0.436508 0.036376 0.029762
0 0.521825 0.532738 0.049603 0.019841
0 0.583664 0.398065 0.039683 0.012401
0 0.547288 0.401786 0.039683 0.014881
0 0.559524 0.404762 0.042989 0.009921
0 0.404101 0.468998 0.029762 0.012401
0 0.410053 0.476935 0.026455 0.009921
0 0.426257 0.474702 0.042989 0.012401
0 0.436508 0.470982 0.066138 0.009921
0 0.509259 0.501736 0.033069 0.019841
0 0.503307 0.492560 0.029762 0.024802
0 0.487765 0.488839 0.029762 0.017361
0 0.736772 0.502976 0.049603 0.014881
0 0.484458 0.483135 0.029762 0.017361
0 0.624729 0.427207 0.086124 0.021528
0 0.531746 0.533234 0.036376 0.014881
0 0.616071 0.410466 0.046296 0.027282
0 0.615410 0.418403 0.019841 0.017361
0 0.586971 0.412450 0.026455 0.012401
0 0.543651 0.517113 0.023148 0.017361
0 0.585317 0.379960 0.023148 0.029762
0 0.600529 0.375000 0.036376 0.014881
0 0.597553 0.378472 0.026455 0.009921
0 0.598545 0.390377 0.029762 0.019841
0 0.616402 0.353175 0.013228 0.027282
0 0.598545 0.352927 0.052910 0.019841
0 0.722222 0.329365 0.013228 0.027282
0 0.714947 0.341766 0.016534 0.027282
0 0.596892 0.358631 0.036376 0.009921
0 0.594907 0.346230 0.016534 0.024802
0 0.595899 0.353671 0.023148 0.019841
0 0.707672 0.359871 0.026455 0.022321
0 0.750661 0.374752 0.026455 0.022321
0 0.721561 0.379216 0.049603 0.014881
0 0.723876 0.381696 0.042989 0.014881
0 0.662037 0.344990 0.049603 0.032242
0 0.710648 0.330853 0.036376 0.027282
0 0.694444 0.333829 0.066138 0.014881
0 0.647156 0.397817 0.033069 0.012401
0 0.667659 0.396329 0.029762 0.022321
0 0.529101 0.300347 0.019841 0.022321
0 0.478505 0.326389 0.033069 0.009921
0 0.538690 0.350694 0.029762 0.017361
0 0.499008 0.342014 0.029762 0.014881
0 0.567130 0.290427 0.029762 0.017361
0 0.461971 0.309028 0.033069 0.014881
0 0.538029 0.316964 0.033069 0.012401
0 0.262897 0.451141 0.029762 0.014881
0 0.480820 0.320685 0.039683 0.039683
0 0.639550 0.370288 0.019841 0.024802
0 0.637897 0.381696 0.029762 0.009921
0 0.540344 0.337054 0.013228 0.014881
0 0.550265 0.355655 0.019841 0.032242
0 0.527116 0.346974 0.019841 0.009921
0 0.527447 0.313492 0.042989 0.027282
