0 0.358957 0.160654 0.021088 0.010940
0 0.241682 0.353194 0.018350 0.015734
0 0.238191 0.342872 0.013102 0.010154
0 0.252814 0.328787 0.019636 0.012118
0 0.272260 0.364975 0.041062 0.020298
0 0.222250 0.372846 0.026644 0.017021
0 0.226181 0.380542 0.020522 0.018678
0 0.235136 0.371859 0.013975 0.014412
0 0.229239 0.370057 0.010919 0.007535
0 0.352612 0.302257 0.025331 0.016706
0 0.353485 0.300291 0.011356 0.008842
0 0.346723 0.296362 0.018790 0.012118
0 0.236047 0.384296 0.010413 0.019658
0 0.280394 0.288824 0.024418 0.018313
0 0.269261 0.290037 0.014362 0.011042
0 0.266391 0.295693 0.018674 0.018584
0 0.251847 0.282230 0.023337 0.011037
0 0.289897 0.277654 0.019742 0.014286
0 0.216657 0.291653 0.021905 0.012656
0 0.215398 0.288958 0.018674 0.014276
0 0.250589 0.298521 0.017235 0.012388
0 0.300860 0.346995 0.012209 0.012388
0 0.298347 0.348612 0.009339 0.008078
0 0.312710 0.337974 0.012927 0.013735
0 0.315223 0.341071 0.017953 0.011310
0 0.281468 0.342821 0.017235 0.011580
0 0.280575 0.355479 0.013995 0.013735
0 0.285240 0.333127 0.024058 0.011042
0 0.314504 0.297712 0.012209 0.011312
0 0.358309 0.311577 0.010764 0.014821
0 0.327252 0.352517 0.012566 0.008889
0 0.373752 0.336221 0.014368 0.010241
0 0.365498 0.346052 0.016511 0.010506
0 0.370164 0.351978 0.007900 0.011580
0 0.370342 0.348208 0.016161 0.012121
0 0.348438 0.385507 0.011849 0.009695
0 0.352034 0.385770 0.016171 0.011322
0 0.347361 0.384430 0.012566 0.022083
0 0.346822 0.330030 0.014365 0.014003
0 0.845190 0.433478 0.016174 0.013733
0 0.823161 0.433461 0.012262 0.008638
0 0.266577 0.667448 0.010456 0.008140
0 0.271905 0.637625 0.019140 0.012135
0 0.336847 0.364754 0.021835 0.015729
0 0.331824 0.365734 0.016161 0.016379
0 0.322216 0.364097 0.012665 0.009826
0 0.327457 0.370975 0.015284 0.015064
0 0.316974 0.371629 0.014411 0.009826
0 0.354722 0.367868 0.014365 0.011580
0 0.368547 0.399782 0.016161 0.011850
0 0.390091 0.277380 0.020466 0.012121
0 0.372136 0.280747 0.013287 0.012927
0 0.367111 0.278052 0.014005 0.013465
0 0.381835 0.310234 0.019028 0.011044
0 0.404274 0.280342 0.012927 0.012118
0 0.424742 0.277380 0.018671 0.015890
0 0.399248 0.335012 0.010771 0.009965
0 0.383266 0.363963 0.016868 0.015079
0 0.330847 0.382943 0.018307 0.009437
0 0.418279 0.338513 0.016518 0.006734
0 0.427437 0.337574 0.014001 0.010764
0 0.413609 0.361678 0.022986 0.013187
0 0.398709 0.378237 0.015440 0.019390
0 0.448808 0.336354 0.019375 0.018591
0 0.464420 0.283574 0.015440 0.013735
0 0.467474 0.292326 0.011488 0.009157
0 0.468550 0.300678 0.025136 0.013460
0 0.462984 0.320603 0.016161 0.009157
0 0.503747 0.312393 0.017943 0.009955
0 0.514160 0.301215 0.017249 0.011310
0 0.265660 0.340350 0.020962 0.027187
0 0.261948 0.334292 0.011792 0.007210
0 0.261949 0.356562 0.020526 0.011136
0 0.256271 0.347883 0.019653 0.013430
0 0.219587 0.344280 0.036250 0.025221
0 0.226138 0.336420 0.009173 0.006877
0 0.224828 0.354761 0.023148 0.015394
0 0.219368 0.359183 0.012229 0.014412
0 0.523849 0.338647 0.019392 0.016158
0 0.543239 0.326529 0.019388 0.008078
0 0.569633 0.347943 0.014001 0.016421
0 0.541801 0.348614 0.016511 0.006999
0 0.478426 0.356825 0.013287 0.009425
0 0.469628 0.386316 0.015797 0.008619
0 0.209762 0.356727 0.014848 0.014740
0 0.471237 0.380660 0.022606 0.007004
0 0.491166 0.389551 0.018661 0.008070
0 0.851480 0.383790 0.012927 0.009157
0 0.172971 0.389924 0.017728 0.011967
0 0.180504 0.398068 0.011524 0.012297
0 0.168983 0.397902 0.016842 0.011964
0 0.170313 0.395906 0.015069 0.015290
0 0.203990 0.381782 0.018608 0.008311
0 0.198454 0.377793 0.015513 0.007644
0 0.199339 0.376460 0.013757 0.016957
0 0.199119 0.378291 0.015956 0.008641
0 0.188927 0.381285 0.011518 0.017292
0 0.179840 0.374136 0.012854 0.012964
0 0.174301 0.372972 0.023046 0.015290
0 0.470524 0.421326 0.022622 0.010236
0 0.479687 0.411492 0.030175 0.012666
0 0.477707 0.396550 0.019031 0.009157
0 0.492068 0.434118 0.042735 0.037433
0 0.502303 0.433714 0.014362 0.012929
0 0.516847 0.438426 0.016161 0.012656
0 0.524568 0.421455 0.020103 0.016416
0 0.568520 0.367615 0.019051 0.013306
0 0.588244 0.346503 0.016832 0.022272
0 0.178732 0.392749 0.014183 0.018281
0 0.122371 0.404265 0.021349 0.013976
0 0.121982 0.405430 0.024454 0.023291
0 0.114800 0.393638 0.017080 0.012520
0 0.117130 0.409939 0.016303 0.014844
0 0.106267 0.406596 0.039583 0.024452
0 0.096361 0.411544 0.012034 0.015141
0 0.085885 0.406162 0.012821 0.011927
0 0.144302 0.424788 0.027956 0.014854
0 0.144114 0.411403 0.017460 0.009015
0 0.151680 0.424790 0.015529 0.010771
0 0.136920 0.434841 0.015513 0.011052
0 0.108201 0.430469 0.007765 0.011647
0 0.114024 0.439639 0.018631 0.011937
0 0.110728 0.432073 0.025238 0.014841
0 0.155296 0.473465 0.007814 0.008586
0 0.160506 0.475610 0.008856 0.008983
0 0.160245 0.437721 0.012500 0.009767
0 0.145661 0.390842 0.017712 0.010553
0 0.212849 0.457056 0.015625 0.010938
0 0.203474 0.459598 0.020830 0.015228
0 0.201652 0.464869 0.016147 0.010938
0 0.212849 0.470336 0.013542 0.010156
0 0.221190 0.434013 0.016653 0.010933
0 0.235245 0.435962 0.014583 0.012500
0 0.241495 0.451002 0.014583 0.008204
0 0.289936 0.432254 0.032298 0.016791
0 0.284468 0.416437 0.034901 0.012488
0 0.265713 0.407643 0.016147 0.016014
0 0.304770 0.433817 0.011987 0.010541
0 0.393317 0.402174 0.015106 0.012111
0 0.390453 0.415260 0.033333 0.020312
0 0.228996 0.416432 0.013542 0.013281
0 0.311033 0.453144 0.021339 0.014075
0 0.318833 0.424244 0.018221 0.014063
0 0.330556 0.468973 0.029167 0.012103
0 0.358168 0.448853 0.019775 0.013281
0 0.455815 0.440455 0.018231 0.012889
0 0.351650 0.475415 0.016144 0.013281
0 0.384463 0.477173 0.020314 0.013671
0 0.196238 0.348209 0.014626 0.020942
0 0.193137 0.340066 0.017285 0.009973
0 0.231472 0.314969 0.015952 0.014958
0 0.177402 0.308987 0.017728 0.020940
0 0.122485 0.500610 0.016147 0.019142
0 0.118052 0.498849 0.017718 0.014067
0 0.181862 0.485181 0.018221 0.020313
0 0.165974 0.524438 0.013542 0.009764
0 0.181078 0.548853 0.018750 0.010156
0 0.200610 0.547094 0.011981 0.012111
0 0.223795 0.554905 0.019805 0.011322
0 0.192277 0.565844 0.021353 0.010548
0 0.192793 0.577169 0.029699 0.017582
0 0.180561 0.506662 0.015618 0.010942
0 0.197485 0.490649 0.010936 0.011719
0 0.193586 0.523459 0.019778 0.019536
0 0.199568 0.507055 0.014064 0.010156
0 0.231867 0.516427 0.017173 0.014849
0 0.218318 0.531860 0.013019 0.007421
0 0.268317 0.517211 0.016144 0.010156
0 0.266501 0.513498 0.019775 0.018366
0 0.263108 0.529126 0.014061 0.013673
0 0.152948 0.344182 0.020704 0.016984
0 0.167498 0.357158 0.014891 0.014812
0 0.185296 0.352432 0.012940 0.009705
0 0.153730 0.512912 0.022407 0.010942
0 0.179435 0.415766 0.020575 0.011354
0 0.209132 0.422025 0.011644 0.009898
0 0.197875 0.424064 0.012424 0.006987
0 0.151680 0.450995 0.019411 0.016597
0 0.142169 0.446918 0.012811 0.011357
0 0.153224 0.449102 0.013988 0.020377
0 0.140417 0.461183 0.014762 0.013686
0 0.139646 0.464386 0.020185 0.014849
0 0.152649 0.461329 0.015139 0.011647
0 0.328309 0.403101 0.012424 0.008152
0 0.288168 0.378149 0.018115 0.012130
0 0.264400 0.375718 0.013925 0.011654
0 0.204390 0.405327 0.041419 0.022312
0 0.279439 0.384220 0.016187 0.013579
0 0.213123 0.406054 0.009071 0.011652
0 0.200825 0.400835 0.009706 0.013346
0 0.195934 0.405867 0.017080 0.018926
0 0.192636 0.408337 0.015919 0.015732
0 0.198077 0.412560 0.033013 0.017183
0 0.179079 0.587459 0.012999 0.012026
0 0.222632 0.595259 0.019504 0.012676
0 0.228910 0.591197 0.015592 0.012349
0 0.221982 0.592821 0.020804 0.019501
0 0.205947 0.592822 0.011267 0.014950
0 0.216566 0.595747 0.035969 0.012351
0 0.201614 0.600949 0.039868 0.022755
0 0.241048 0.570887 0.010403 0.011367
0 0.242568 0.576407 0.010837 0.011376
0 0.250592 0.598185 0.017321 0.013978
0 0.259468 0.604847 0.010833 0.006500
0 0.296731 0.612650 0.020380 0.019497
0 0.482654 0.615410 0.018634 0.013326
0 0.477885 0.609723 0.019501 0.011049
0 0.475719 0.604849 0.018634 0.014301
0 0.484380 0.603550 0.016048 0.011054
0 0.491321 0.611187 0.015169 0.011376
0 0.492188 0.620286 0.013436 0.010727
0 0.479185 0.631825 0.019501 0.016900
0 0.479185 0.625487 0.015169 0.012676
0 0.490888 0.630201 0.016901 0.012351
0 0.311906 0.644014 0.014302 0.012026
0 0.336392 0.629712 0.018221 0.015278
0 0.493056 0.593305 0.021230 0.014635
0 0.529026 0.642062 0.019494 0.008777
0 0.547440 0.633611 0.021667 0.010079
0 0.530974 0.594447 0.012133 0.013651
0 0.550688 0.613465 0.015159 0.015918
0 0.404645 0.591843 0.015175 0.018209
0 0.414615 0.595748 0.019501 0.016902
0 0.425885 0.579833 0.027298 0.016922
0 0.569980 0.581610 0.019061 0.013963
0 0.576687 0.593800 0.018651 0.011706
0 0.445599 0.495835 0.019067 0.013326
0 0.476156 0.513543 0.021227 0.011064
0 0.433466 0.527845 0.032937 0.021443
0 0.467050 0.531912 0.025569 0.017227
0 0.480694 0.526386 0.024286 0.014628
0 0.533145 0.496807 0.019927 0.026972
0 0.623497 0.602605 0.019501 0.010399
0 0.627186 0.596921 0.013882 0.015270
0 0.610713 0.574328 0.019071 0.016250
0 0.624580 0.569452 0.017335 0.013651
0 0.640398 0.561159 0.017768 0.010717
0 0.643652 0.554989 0.014745 0.016575
0 0.591867 0.560838 0.022093 0.009425
0 0.396410 0.611192 0.023839 0.024368
0 0.394896 0.621099 0.019937 0.013651
0 0.400313 0.610536 0.013436 0.010074
0 0.415046 0.618987 0.025569 0.012676
0 0.430646 0.631667 0.017774 0.008770
0 0.406157 0.633291 0.016481 0.012019
0 0.438232 0.639463 0.014732 0.009427
0 0.507136 0.626788 0.022540 0.010074
0 0.468356 0.650840 0.022956 0.014625
0 0.481346 0.649544 0.009980 0.013968
0 0.386227 0.643038 0.017335 0.010074
0 0.379730 0.651657 0.015605 0.012341
0 0.345926 0.651489 0.013869 0.012676
0 0.339216 0.648562 0.013419 0.014633
0 0.356543 0.668715 0.017768 0.010074
0 0.361958 0.664168 0.029471 0.023723
0 0.438232 0.614598 0.019071 0.011052
0 0.434115 0.620611 0.012569 0.012676
0 0.449074 0.622405 0.018188 0.015593
0 0.174970 0.457108 0.021739 0.010188
0 0.175360 0.452449 0.013975 0.009025
0 0.171288 0.454918 0.018237 0.008745
0 0.165655 0.470646 0.013975 0.009318
0 0.169924 0.467881 0.015529 0.013683
0 0.186617 0.432070 0.023294 0.008445
0 0.182153 0.430760 0.026012 0.034938
0 0.144497 0.415184 0.024458 0.012520
0 0.117907 0.399317 0.016303 0.012810
0 0.159249 0.404265 0.013585 0.011064
0 0.555853 0.504860 0.022884 0.020786
0 0.553877 0.456845 0.031233 0.015179
0 0.561359 0.398940 0.019808 0.010231
0 0.578292 0.424018 0.018476 0.013527
0 0.606233 0.422044 0.025099 0.014177
0 0.629767 0.436721 0.011438 0.013859
0 0.625367 0.475492 0.019358 0.012210
0 0.646698 0.462624 0.018905 0.028026
0 0.758016 0.504365 0.014511 0.009226
0 0.795847 0.508331 0.018029 0.017803
0 0.474420 0.560352 0.015169 0.013651
0 0.545714 0.547357 0.021653 0.010389
0 0.634339 0.531101 0.015185 0.010417
0 0.589478 0.496973 0.012136 0.020151
0 0.586229 0.491447 0.018634 0.023400
0 0.594244 0.480716 0.024269 0.013663
0 0.760230 0.570589 0.020790 0.010077
0 0.772161 0.569766 0.012047 0.011654
0 0.700379 0.341121 0.015308 0.009593
0 0.759702 0.327989 0.016567 0.012267
0 0.819468 0.320835 0.015721 0.009278
0 0.825546 0.314700 0.009015 0.006761
0 0.787384 0.290009 0.014054 0.012111
0 0.699304 0.317062 0.021167 0.022170
0 0.712211 0.279788 0.015526 0.010221
0 0.654539 0.328152 0.011326 0.012257
0 0.643841 0.324531 0.047404 0.019499
0 0.753411 0.251483 0.018661 0.009266
0 0.681167 0.204687 0.022652 0.009127
0 0.684630 0.242670 0.013638 0.009596
0 0.542030 0.223636 0.016138 0.009276
0 0.537004 0.249821 0.019511 0.009762
0 0.507852 0.251404 0.022450 0.016349
0 0.514046 0.245344 0.010903 0.009278
0 0.616273 0.157506 0.014888 0.007870
0 0.616601 0.164583 0.020966 0.009425
0 0.534499 0.152403 0.016551 0.012098
0 0.539000 0.143668 0.013839 0.008492
0 0.461729 0.229306 0.015721 0.010843
0 0.231663 0.241419 0.021594 0.015476
0 0.226809 0.232959 0.021607 0.011652
0 0.245855 0.269451 0.017966 0.009635
0 0.263087 0.225228 0.012133 0.005640
0 0.256779 0.223953 0.011640 0.006736
0 0.279949 0.229596 0.011888 0.008189
0 0.258356 0.251246 0.011885 0.011471
0 0.581888 0.256820 0.015298 0.013690
0 0.281768 0.248703 0.013588 0.008189
0 0.388872 0.198111 0.028009 0.019487
0 0.645825 0.421873 0.024196 0.016498
0 0.639666 0.409007 0.014517 0.009234
0 0.650228 0.438539 0.018922 0.014182
0 0.686088 0.454544 0.024623 0.015833
0 0.837865 0.351756 0.017596 0.011548
0 0.836098 0.343177 0.018492 0.009568
0 0.662765 0.387723 0.017593 0.016815
0 0.683662 0.388881 0.018919 0.017148
0 0.714678 0.381947 0.017596 0.011880
0 0.691799 0.343342 0.019358 0.011877
0 0.538343 0.187708 0.042976 0.030506
0 0.549471 0.202961 0.015351 0.013814
0 0.565587 0.144106 0.010744 0.009497
0 0.275099 0.198646 0.013823 0.010933
0 0.285274 0.193607 0.018036 0.011223
0 0.264168 0.158927 0.011895 0.010360
0 0.318656 0.244686 0.017272 0.013802
0 0.318467 0.230878 0.018416 0.017857
0 0.313856 0.207276 0.016138 0.012666
0 0.360676 0.208867 0.017649 0.016394
0 0.384851 0.252319 0.019954 0.014102
0 0.334010 0.142517 0.020334 0.011523
0 0.342444 0.136341 0.018816 0.006610
0 0.397321 0.220228 0.018036 0.010938
0 0.433960 0.121515 0.016868 0.010938
