0 0.253995 0.703795 0.008113 0.019002
0 0.285626 0.782558 0.007606 0.010550
0 0.451660 0.791434 0.009126 0.012758
0 0.458367 0.807300 0.007189 0.010475
0 0.233550 0.466927 0.010866 0.020608
0 0.239394 0.448780 0.015583 0.019378
0 0.241957 0.489226 0.007178 0.025836
0 0.263488 0.434171 0.009228 0.013533
0 0.225253 0.664116 0.034900 0.057347
0 0.278456 0.417561 0.011688 0.013536
0 0.298859 0.421098 0.010253 0.013840
0 0.274559 0.398338 0.010457 0.015686
0 0.284915 0.388034 0.017635 0.019071
0 0.307470 0.405258 0.014354 0.012303
0 0.307983 0.484612 0.011279 0.015995
0 0.268818 0.538283 0.011279 0.019378
0 0.308495 0.527364 0.009433 0.015995
0 0.321926 0.518446 0.008818 0.012303
0 0.332896 0.527826 0.013532 0.009534
0 0.318645 0.578877 0.026861 0.026157
0 0.331257 0.578115 0.009022 0.009841
0 0.346943 0.585190 0.010868 0.011073
0 0.344379 0.503374 0.011073 0.015995
0 0.356067 0.490762 0.008202 0.011073
0 0.357503 0.505680 0.004921 0.018148
0 0.372677 0.489841 0.011892 0.018455
0 0.397281 0.523520 0.009022 0.011994
0 0.385286 0.544281 0.010457 0.014146
0 0.389694 0.559810 0.015172 0.010761
0 0.400501 0.561824 0.007012 0.007381
0 0.396968 0.569423 0.015309 0.017040
0 0.399862 0.577604 0.006321 0.010642
0 0.341834 0.612633 0.005388 0.015909
0 0.341408 0.623947 0.010208 0.010463
0 0.346058 0.620119 0.007147 0.012164
0 0.347561 0.633474 0.010152 0.013527
0 0.345834 0.648061 0.009068 0.014971
0 0.446955 0.634366 0.016526 0.015596
0 0.440957 0.533205 0.008264 0.010796
0 0.471480 0.546400 0.008530 0.015596
0 0.495070 0.509214 0.010395 0.020391
0 0.520794 0.561594 0.012263 0.013993
0 0.544785 0.564993 0.007463 0.010396
0 0.500802 0.624570 0.012263 0.019991
0 0.516795 0.602179 0.011730 0.017593
0 0.545317 0.670353 0.009597 0.024392
0 0.360134 0.438281 0.019585 0.017627
0 0.391469 0.462302 0.014516 0.020738
0 0.398151 0.461955 0.014975 0.013134
0 0.424186 0.474570 0.008526 0.016241
0 0.417965 0.445885 0.012211 0.014861
0 0.419578 0.460573 0.008985 0.014514
0 0.402989 0.387477 0.010368 0.016244
0 0.439506 0.351881 0.006443 0.021082
0 0.443770 0.397674 0.008524 0.012442
0 0.465889 0.386435 0.014055 0.012083
0 0.470843 0.331662 0.012442 0.015205
0 0.285599 0.315592 0.007834 0.007948
0 0.310712 0.346178 0.014286 0.015897
0 0.329375 0.328206 0.010139 0.013131
0 0.329259 0.252517 0.009907 0.015897
0 0.309675 0.223313 0.007602 0.014861
0 0.551777 0.511528 0.014699 0.022645
0 0.551182 0.346159 0.023837 0.031583
0 0.582764 0.384303 0.011516 0.017274
0 0.602629 0.371188 0.012315 0.019667
0 0.569685 0.321529 0.006013 0.010784
0 0.390735 0.284702 0.005359 0.011568
0 0.413740 0.294757 0.010262 0.019971
0 0.335777 0.189689 0.014715 0.019459
0 0.370242 0.196658 0.007745 0.009583
0 0.372592 0.205237 0.014061 0.012454
0 0.369329 0.212040 0.004954 0.008686
0 0.402595 0.234779 0.008582 0.012665
0 0.421973 0.239139 0.007751 0.013909
0 0.416021 0.250454 0.012733 0.017853
0 0.442249 0.252322 0.008997 0.012457
0 0.441488 0.293326 0.008304 0.012665
0 0.471385 0.300074 0.008858 0.009552
0 0.446397 0.262617 0.008457 0.009245
0 0.442626 0.278613 0.006252 0.005981
0 0.448762 0.283302 0.004298 0.015359
0 0.453529 0.285764 0.007112 0.015359
0 0.462868 0.267124 0.004221 0.014653
0 0.468027 0.275448 0.008441 0.017234
0 0.469785 0.275095 0.005704 0.008791
0 0.458960 0.268764 0.006254 0.009028
0 0.452942 0.266536 0.005471 0.010434
0 0.452903 0.271463 0.007894 0.010668
0 0.452865 0.287170 0.006879 0.011372
0 0.460446 0.281364 0.007033 0.009609
0 0.454857 0.281133 0.005235 0.007972
0 0.448448 0.273749 0.004767 0.020165
0 0.452428 0.271189 0.005862 0.005220
0 0.459225 0.273702 0.006570 0.004060
0 0.487616 0.245515 0.010802 0.015567
0 0.522921 0.249567 0.009967 0.011212
0 0.475160 0.195369 0.009136 0.018689
0 0.410968 0.190210 0.009101 0.016965
0 0.413025 0.187399 0.009306 0.005469
0 0.412999 0.194259 0.007197 0.005631
0 0.129593 0.369375 0.013792 0.017170
0 0.153512 0.316108 0.009979 0.012766
0 0.191370 0.252279 0.015849 0.015408
0 0.326432 0.148791 0.009392 0.008455
0 0.233958 0.195288 0.007307 0.011901
