0 0.519577 0.621032 0.016204 0.011111
0 0.658646 0.384875 0.030744 0.009432
0 0.245370 0.651587 0.013360 0.010764
0 0.231038 0.669955 0.011329 0.010997
0 0.500987 0.236167 0.019983 0.016877
0 0.370668 0.235012 0.022751 0.023527
0 0.359020 0.239120 0.014970 0.008854
0 0.357189 0.241186 0.018856 0.009350
0 0.345489 0.254296 0.028876 0.014147
0 0.362330 0.216339 0.015261 0.009067
0 0.373990 0.215368 0.033396 0.012741
0 0.376870 0.218390 0.012093 0.008854
0 0.365642 0.229835 0.019001 0.012309
0 0.287269 0.224490 0.012050 0.009392
0 0.293153 0.233088 0.016167 0.012703
0 0.294114 0.243626 0.016554 0.011260
0 0.314711 0.231065 0.015400 0.010389
0 0.259679 0.251421 0.015437 0.010104
0 0.169575 0.269467 0.015407 0.009816
0 0.143396 0.279568 0.013075 0.020794
0 0.175547 0.294728 0.012702 0.010682
0 0.201144 0.269897 0.016177 0.015885
0 0.221926 0.260949 0.014613 0.017036
0 0.243684 0.254742 0.011164 0.008661
0 0.236725 0.252356 0.014521 0.013194
0 0.251701 0.266941 0.022252 0.011362
0 0.235334 0.274479 0.016038 0.014831
0 0.229778 0.293126 0.013591 0.014596
0 0.196417 0.287913 0.022239 0.009730
0 0.138604 0.333730 0.011349 0.016617
0 0.164358 0.321649 0.012354 0.011404
0 0.172745 0.326772 0.017249 0.013916
0 0.192965 0.293533 0.014428 0.011595
0 0.197993 0.306575 0.018300 0.011017
0 0.189995 0.317396 0.023972 0.019911
0 0.197614 0.335190 0.024196 0.014080
0 0.196114 0.327499 0.011812 0.010270
0 0.207391 0.315516 0.008056 0.008457
0 0.208330 0.327700 0.026045 0.020340
0 0.101111 0.292008 0.015053 0.011297
0 0.246925 0.285461 0.019643 0.009633
0 0.221736 0.311203 0.015456 0.018666
0 0.096186 0.341606 0.020460 0.022894
0 0.098805 0.359830 0.022477 0.010831
0 0.278538 0.320006 0.017063 0.010697
0 0.650465 0.251972 0.019646 0.018080
0 0.273619 0.308043 0.012040 0.010838
0 0.471470 0.524926 0.011564 0.010407
0 0.477941 0.537072 0.016200 0.009015
0 0.280952 0.310078 0.010648 0.010682
0 0.579717 0.535854 0.018965 0.021163
0 0.261281 0.304803 0.013436 0.010995
0 0.245713 0.342434 0.018079 0.009774
0 0.250441 0.311275 0.014243 0.010694
0 0.243304 0.326029 0.014848 0.027852
0 0.260774 0.339203 0.010437 0.009635
0 0.159616 0.372320 0.019266 0.022279
0 0.140544 0.389106 0.016472 0.012190
0 0.310746 0.345681 0.022087 0.009020
0 0.248231 0.374353 0.016257 0.009182
0 0.294793 0.357418 0.015856 0.016558
0 0.224345 0.377436 0.018664 0.013552
0 0.288479 0.379916 0.016045 0.008591
0 0.261275 0.346956 0.009031 0.006173
0 0.266093 0.351698 0.010638 0.007527
0 0.262859 0.350379 0.017669 0.009588
0 0.199797 0.396182 0.016458 0.013941
0 0.114352 0.422919 0.015542 0.010273
0 0.151824 0.422344 0.017973 0.010055
0 0.170403 0.432292 0.021627 0.031300
0 0.282963 0.376536 0.024980 0.010280
0 0.139322 0.454508 0.020450 0.006843
0 0.267963 0.391071 0.014431 0.012401
0 0.260332 0.400608 0.012728 0.010491
0 0.283239 0.404588 0.016968 0.009544
0 0.292146 0.421132 0.012725 0.012726
0 0.280906 0.417951 0.011455 0.012088
0 0.307422 0.437516 0.017827 0.010499
0 0.228942 0.430677 0.012725 0.012088
0 0.200946 0.436085 0.008485 0.012091
0 0.353442 0.426383 0.024180 0.007954
0 0.326720 0.433382 0.011455 0.017498
0 0.338385 0.454856 0.011875 0.019087
0 0.728902 0.570727 0.027778 0.010402
0 0.512872 0.522496 0.012027 0.009020
0 0.141450 0.486539 0.020069 0.015290
0 0.189494 0.472062 0.016422 0.014139
0 0.052960 0.415502 0.008512 0.013227
0 0.109223 0.467504 0.015800 0.013678
0 0.208042 0.475484 0.012771 0.009122
0 0.206678 0.490073 0.017325 0.008222
0 0.173224 0.517560 0.014901 0.010268
0 0.156354 0.524625 0.013370 0.009816
0 0.238148 0.453018 0.011554 0.008437
0 0.228879 0.470583 0.015522 0.012991
0 0.242550 0.491333 0.015496 0.011634
0 0.267341 0.479245 0.013380 0.015280
0 0.283305 0.481527 0.014897 0.016193
0 0.526518 0.528916 0.018042 0.010754
0 0.441402 0.488144 0.031944 0.018053
0 0.427521 0.490057 0.019891 0.030184
0 0.590162 0.412907 0.027943 0.029881
0 0.530425 0.394831 0.020261 0.020962
0 0.497586 0.386173 0.027249 0.006820
0 0.454611 0.381473 0.016769 0.019395
0 0.430853 0.357623 0.013975 0.019913
0 0.260962 0.497600 0.014583 0.025533
0 0.243770 0.520862 0.015516 0.009134
0 0.151935 0.556332 0.016104 0.008894
0 0.257143 0.528733 0.019775 0.008904
0 0.264453 0.533983 0.013687 0.011171
0 0.215182 0.579820 0.013697 0.015742
0 0.229793 0.580159 0.025863 0.020536
0 0.284673 0.555533 0.011554 0.010491
0 0.566300 0.511226 0.015271 0.010747
0 0.582725 0.504282 0.013876 0.015613
0 0.314567 0.476544 0.015377 0.014249
0 0.314562 0.484883 0.016174 0.010918
0 0.628525 0.544700 0.055516 0.050660
0 0.611407 0.518333 0.021280 0.020818
0 0.801541 0.307576 0.021660 0.020439
0 0.386255 0.487346 0.013449 0.011582
0 0.363342 0.486784 0.016432 0.012706
0 0.365828 0.495191 0.017437 0.013824
0 0.670618 0.510527 0.028684 0.008673
0 0.374547 0.520786 0.013948 0.008968
0 0.310787 0.538906 0.021905 0.013080
0 0.428601 0.524709 0.016442 0.014571
0 0.282634 0.517050 0.011458 0.008966
0 0.315008 0.585045 0.013436 0.013442
0 0.296085 0.524523 0.023413 0.016441
0 0.393975 0.578367 0.010661 0.008748
0 0.386817 0.572738 0.013647 0.017004
0 0.500031 0.238663 0.012364 0.014266
0 0.503677 0.240327 0.020291 0.013790
0 0.514139 0.337574 0.015215 0.018547
0 0.359464 0.259883 0.035569 0.008408
0 0.357667 0.260520 0.013965 0.020097
0 0.501303 0.352674 0.012989 0.022113
0 0.475779 0.339953 0.022192 0.007609
0 0.342827 0.673330 0.012996 0.010246
0 0.785461 0.308904 0.017483 0.023115
0 0.398839 0.634735 0.015271 0.011434
0 0.408796 0.635776 0.018519 0.013517
0 0.410638 0.654685 0.017579 0.006245
0 0.750633 0.339477 0.021571 0.009509
0 0.503902 0.291494 0.035053 0.008782
0 0.493457 0.303709 0.022536 0.010017
0 0.489076 0.295103 0.022953 0.011580
0 0.464064 0.236339 0.020390 0.012560
0 0.303972 0.366259 0.016303 0.017661
0 0.325031 0.313950 0.020380 0.006793
0 0.346769 0.363207 0.039398 0.012922
0 0.341339 0.346388 0.023089 0.012567
0 0.358545 0.319214 0.016759 0.017321
0 0.356741 0.342821 0.029421 0.027855
0 0.363527 0.350294 0.015850 0.008832
0 0.372811 0.357087 0.022646 0.021739
0 0.419676 0.318710 0.020370 0.014256
0 0.412440 0.332631 0.013135 0.011548
0 0.411080 0.336028 0.020380 0.008152
0 0.323287 0.293490 0.026402 0.006424
0 0.480460 0.269777 0.028274 0.013671
0 0.468345 0.252914 0.026009 0.009201
0 0.444747 0.253013 0.022517 0.010694
0 0.428611 0.237674 0.028519 0.011538
0 0.372867 0.265128 0.018135 0.007116
0 0.373983 0.261989 0.015903 0.009206
0 0.376493 0.256863 0.023714 0.008998
0 0.372865 0.254350 0.009765 0.012346
0 0.374261 0.244417 0.025949 0.015471
0 0.374120 0.239286 0.025668 0.019043
0 0.436434 0.271456 0.011432 0.025045
0 0.454024 0.273146 0.043604 0.009933
0 0.447111 0.277887 0.024970 0.007222
0 0.426901 0.275557 0.026554 0.008901
0 0.423064 0.293631 0.025169 0.009435
0 0.405764 0.287345 0.015721 0.018341
0 0.389337 0.286564 0.011544 0.016233
0 0.398775 0.305424 0.012232 0.013626
0 0.379034 0.311189 0.025860 0.029869
0 0.377814 0.305424 0.020615 0.007336
0 0.376243 0.306210 0.016071 0.004717
0 0.360341 0.294283 0.014332 0.017039
0 0.361574 0.287875 0.027249 0.015184
0 0.708317 0.310707 0.017434 0.013790
0 0.646973 0.330324 0.021558 0.012602
0 0.589914 0.317001 0.019643 0.009747
0 0.595779 0.336620 0.023786 0.006672
0 0.566286 0.349458 0.019345 0.021882
0 0.443788 0.686450 0.011663 0.013495
0 0.373484 0.637599 0.016326 0.008234
0 0.417803 0.649477 0.016181 0.013189
0 0.495274 0.323909 0.016806 0.027331
0 0.397743 0.235233 0.034263 0.016627
0 0.502092 0.313559 0.015850 0.011414
0 0.624054 0.418673 0.034233 0.009965
0 0.490597 0.453002 0.024454 0.011530
0 0.517149 0.477372 0.016071 0.007860
0 0.571313 0.446715 0.015377 0.012577
0 0.538454 0.430201 0.027966 0.007872
0 0.647121 0.430200 0.017457 0.023594
0 0.486508 0.631275 0.018519 0.007292
0 0.326409 0.225527 0.008862 0.015290
0 0.299373 0.257271 0.014183 0.011634
0 0.325747 0.220537 0.012857 0.007989
0 0.291840 0.255443 0.023046 0.011967
0 0.285637 0.256107 0.026591 0.009973
0 0.298487 0.258268 0.012411 0.017617
0 0.198423 0.245048 0.012526 0.009040
0 0.278770 0.217139 0.017262 0.007790
0 0.141004 0.254354 0.013469 0.010637
0 0.271199 0.220154 0.021035 0.028700
0 0.568553 0.238725 0.028462 0.011572
0 0.711541 0.244122 0.009921 0.019792
0 0.377877 0.223358 0.012956 0.016627
0 0.307746 0.183007 0.018304 0.033624
0 0.317508 0.143544 0.021293 0.009583
0 0.247884 0.162670 0.013558 0.008078
0 0.267970 0.181318 0.021389 0.017696
0 0.261458 0.180729 0.022057 0.008284
0 0.265974 0.191990 0.024937 0.014883
0 0.352145 0.149206 0.020314 0.009425
0 0.396953 0.193306 0.009845 0.014291
0 0.429547 0.183516 0.013525 0.012666
0 0.355109 0.193304 0.016567 0.010615
0 0.394172 0.161452 0.008614 0.017051
0 0.390093 0.153261 0.024696 0.008259
0 0.425608 0.148631 0.012798 0.009266
0 0.429686 0.191228 0.021210 0.014301
0 0.424924 0.196994 0.010450 0.013368
0 0.179697 0.242052 0.028244 0.025126
0 0.304167 0.218558 0.013690 0.015588
0 0.273092 0.245136 0.013942 0.007088
0 0.199659 0.223383 0.014134 0.011300
0 0.192897 0.236409 0.007989 0.007837
0 0.429676 0.135088 0.027090 0.006932
0 0.474950 0.153596 0.027083 0.007986
0 0.571114 0.143948 0.012996 0.014931
0 0.678456 0.196287 0.028803 0.018269
0 0.468692 0.628144 0.019891 0.017001
0 0.464299 0.652429 0.013876 0.010756
0 0.626157 0.430993 0.014683 0.034591
0 0.624413 0.447232 0.016782 0.014663
0 0.572156 0.365637 0.024074 0.019023
0 0.543788 0.254828 0.011716 0.019030
0 0.569777 0.599523 0.018515 0.011793
0 0.626903 0.604725 0.015268 0.017346
0 0.628064 0.632830 0.016644 0.011791
0 0.496911 0.557886 0.017116 0.011798
0 0.507436 0.307465 0.015440 0.016275
0 0.308044 0.528447 0.017444 0.007093
0 0.286867 0.520038 0.017933 0.008966
0 0.339180 0.547873 0.012950 0.007850
0 0.345159 0.564684 0.010952 0.019045
0 0.415155 0.561136 0.015430 0.012698
0 0.415398 0.482114 0.011954 0.018306
0 0.375794 0.540966 0.040344 0.010454
0 0.396219 0.526390 0.027397 0.011208
0 0.435076 0.505093 0.029392 0.018683
0 0.528920 0.601608 0.011994 0.013247
0 0.636298 0.496279 0.019666 0.016322
0 0.350499 0.607355 0.028975 0.016744
0 0.308178 0.615849 0.012321 0.012750
0 0.291683 0.624850 0.011343 0.013242
0 0.285519 0.633594 0.010324 0.009251
0 0.412629 0.599985 0.015337 0.009494
0 0.696379 0.494928 0.023757 0.006290
0 0.775683 0.498855 0.021650 0.018346
0 0.726429 0.477374 0.029352 0.009955
0 0.325761 0.261276 0.028307 0.009159
0 0.292042 0.295990 0.011181 0.008909
0 0.288548 0.288392 0.013975 0.011004
0 0.405764 0.232841 0.010132 0.012577
0 0.328203 0.281317 0.012226 0.017817
0 0.333618 0.287867 0.023757 0.008909
0 0.331696 0.287082 0.019213 0.007860
0 0.325238 0.279881 0.020251 0.010208
0 0.263917 0.283151 0.017120 0.010484
0 0.294296 0.274153 0.014253 0.015717
0 0.283955 0.269348 0.014557 0.006553
0 0.283810 0.276007 0.014848 0.012009
0 0.276677 0.263998 0.011647 0.014191
0 0.279443 0.266400 0.024745 0.011575
0 0.399039 0.207377 0.010942 0.007989
0 0.401637 0.216339 0.013261 0.009067
0 0.390979 0.212345 0.008638 0.011877
0 0.411133 0.208563 0.014395 0.008643
0 0.383631 0.202622 0.012368 0.016205
0 0.354332 0.214813 0.017791 0.010131
0 0.354110 0.225526 0.008419 0.014623
0 0.368072 0.203423 0.023909 0.010317
0 0.388447 0.258096 0.018628 0.018624
0 0.410837 0.266579 0.039444 0.009640
0 0.384466 0.270567 0.014183 0.012299
0 0.419479 0.255110 0.018614 0.013296
0 0.406184 0.257101 0.013294 0.017941
0 0.411280 0.250458 0.019940 0.011302
0 0.365410 0.270733 0.015066 0.018614
0 0.355660 0.274722 0.023046 0.009970
0 0.339931 0.223037 0.017295 0.018941
0 0.337710 0.230513 0.012854 0.007976
0 0.783376 0.457457 0.020258 0.017294
0 0.382479 0.591737 0.016994 0.006496
0 0.414150 0.214612 0.025060 0.023321
0 0.420193 0.209757 0.011815 0.011885
0 0.371830 0.210725 0.009501 0.009933
