0 0.559916 0.509466 0.017087 0.012979
0 0.425250 0.633588 0.018476 0.007235
0 0.445969 0.634381 0.017421 0.035141
0 0.437922 0.623136 0.021167 0.036297
0 0.141500 0.578503 0.018515 0.026917
0 0.133439 0.545016 0.015873 0.057984
0 0.137409 0.527990 0.026353 0.034883
0 0.129471 0.509475 0.013651 0.026669
0 0.119866 0.534656 0.027464 0.027741
0 0.190827 0.519060 0.046515 0.008929
0 0.212338 0.534479 0.039372 0.005952
0 0.230278 0.554064 0.057149 0.008217
0 0.217260 0.568524 0.013972 0.032158
0 0.255518 0.574185 0.034924 0.014407
0 0.193686 0.623477 0.008733 0.031076
0 0.268614 0.673841 0.042070 0.055841
0 0.338069 0.663424 0.013333 0.017622
0 0.369897 0.680032 0.008095 0.008214
0 0.360769 0.680092 0.015241 0.010238
0 0.382359 0.663007 0.004130 0.017026
0 0.313859 0.629431 0.045562 0.014645
0 0.404426 0.641694 0.030797 0.014643
0 0.461734 0.691105 0.015559 0.035122
0 0.423876 0.638755 0.017546 0.019087
0 0.412675 0.635949 0.097454 0.053668
0 0.387870 0.612511 0.013009 0.014055
0 0.399165 0.594980 0.021729 0.037877
0 0.395142 0.579688 0.019193 0.020174
0 0.345532 0.600109 0.068585 0.013393
0 0.338401 0.565673 0.007622 0.025717
0 0.401425 0.569185 0.034292 0.015360
0 0.388638 0.563531 0.017639 0.025955
0 0.274583 0.523645 0.038737 0.019050
0 0.328461 0.526886 0.007900 0.020672
0 0.349453 0.526782 0.033714 0.007924
0 0.350367 0.528506 0.022520 0.030384
0 0.402966 0.538082 0.046118 0.017984
0 0.425562 0.532536 0.005337 0.023152
0 0.417895 0.517102 0.016445 0.037622
0 0.394790 0.492883 0.009739 0.010955
0 0.327354 0.511935 0.009563 0.013229
0 0.258705 0.362638 0.010473 0.015573
0 0.268667 0.373285 0.007639 0.031213
0 0.270734 0.362775 0.029590 0.017500
0 0.287961 0.345241 0.024170 0.033829
0 0.271705 0.329497 0.025446 0.035689
0 0.327285 0.349823 0.040701 0.013093
0 0.285531 0.315440 0.024256 0.032795
0 0.286954 0.301453 0.005972 0.019018
0 0.293919 0.509557 0.024067 0.010682
0 0.280729 0.506146 0.037768 0.016949
0 0.268654 0.493744 0.029583 0.025355
0 0.304162 0.489404 0.007259 0.015022
0 0.311372 0.483444 0.007533 0.014125
0 0.298876 0.491333 0.032163 0.011436
0 0.285053 0.482617 0.025450 0.003929
0 0.295159 0.480654 0.011667 0.028113
0 0.326028 0.486817 0.035919 0.033008
0 0.327541 0.489198 0.004593 0.017914
0 0.329104 0.493259 0.018188 0.015853
0 0.328003 0.501939 0.021865 0.011582
0 0.352298 0.483132 0.027282 0.012951
0 0.299610 0.466494 0.009749 0.017984
0 0.301685 0.468316 0.015347 0.021781
0 0.294373 0.456985 0.016729 0.013574
0 0.321432 0.462498 0.023611 0.015918
0 0.336265 0.462876 0.027569 0.004685
0 0.186610 0.458743 0.021138 0.050159
0 0.209446 0.444583 0.017179 0.037688
0 0.230018 0.445272 0.029501 0.015226
0 0.228462 0.443859 0.016997 0.027148
0 0.235347 0.454160 0.020681 0.014953
0 0.248206 0.407595 0.021710 0.034030
0 0.271549 0.432698 0.012569 0.033636
0 0.283876 0.299076 0.033624 0.011233
0 0.303583 0.316577 0.011670 0.045129
0 0.310703 0.308068 0.022603 0.024940
0 0.309830 0.307380 0.026181 0.032383
0 0.268208 0.285985 0.050813 0.011781
0 0.319046 0.382143 0.010473 0.017941
0 0.345670 0.406658 0.024692 0.016535
0 0.303991 0.405294 0.015886 0.008351
0 0.296386 0.411536 0.012579 0.017527
0 0.287788 0.415258 0.009934 0.018686
0 0.314416 0.414761 0.023482 0.007939
0 0.302786 0.416126 0.015215 0.018437
0 0.302895 0.424270 0.013449 0.033569
0 0.335852 0.427288 0.021399 0.013807
0 0.334153 0.426543 0.028122 0.005045
0 0.324410 0.441193 0.026458 0.018601
0 0.330840 0.441882 0.030132 0.013641
0 0.360651 0.450735 0.039411 0.007785
0 0.357161 0.453354 0.032431 0.009576
0 0.388621 0.425105 0.021323 0.013574
0 0.414206 0.414046 0.064775 0.010474
0 0.406877 0.386858 0.022047 0.010967
0 0.382761 0.372532 0.012553 0.018720
0 0.389537 0.349995 0.013089 0.019350
0 0.431720 0.356939 0.062394 0.026131
0 0.451090 0.333600 0.042794 0.007815
0 0.427126 0.309515 0.009722 0.016019
0 0.407528 0.303889 0.023046 0.009936
0 0.396887 0.298779 0.020440 0.016481
0 0.386743 0.286119 0.018988 0.025724
0 0.432102 0.286663 0.012173 0.013723
0 0.457169 0.259715 0.018082 0.008517
0 0.457439 0.308332 0.015995 0.031004
0 0.471825 0.317510 0.012579 0.025382
0 0.482576 0.326978 0.008499 0.012567
0 0.485607 0.339669 0.016306 0.016456
0 0.486268 0.315775 0.014560 0.005871
0 0.504018 0.313127 0.026250 0.018770
0 0.482078 0.295646 0.041901 0.009105
0 0.506062 0.301223 0.021276 0.016949
0 0.506106 0.306225 0.017199 0.015709
0 0.521652 0.298989 0.023813 0.005042
0 0.531407 0.286298 0.006948 0.019844
0 0.502197 0.281667 0.008257 0.018189
0 0.503626 0.282163 0.028555 0.022986
0 0.514931 0.291920 0.026250 0.019678
0 0.492331 0.295517 0.059319 0.034809
0 0.612331 0.286152 0.008862 0.015280
0 0.594803 0.293155 0.020903 0.007044
0 0.613790 0.300755 0.022487 0.014407
0 0.607953 0.300068 0.033439 0.011783
0 0.609286 0.298586 0.029676 0.009370
0 0.616958 0.297519 0.029398 0.021292
0 0.682918 0.307475 0.009005 0.021220
0 0.679244 0.316605 0.045017 0.022530
0 0.671435 0.312712 0.040972 0.037344
0 0.700190 0.316053 0.048323 0.016744
0 0.720769 0.324943 0.010288 0.027768
0 0.644104 0.324459 0.051905 0.022669
0 0.678647 0.340099 0.017361 0.013849
0 0.728624 0.350022 0.014239 0.009162
0 0.724719 0.327148 0.048505 0.013849
0 0.636524 0.339480 0.031971 0.022254
0 0.628947 0.340583 0.029124 0.009439
0 0.615579 0.342925 0.035463 0.009164
0 0.596609 0.345233 0.037391 0.018328
0 0.660207 0.359539 0.016538 0.010739
0 0.661121 0.367520 0.026958 0.003388
0 0.663881 0.364878 0.016075 0.034048
0 0.628206 0.371653 0.011637 0.022681
0 0.705370 0.396517 0.029101 0.019809
0 0.699706 0.404898 0.028181 0.008557
0 0.692935 0.410871 0.011868 0.009474
0 0.561174 0.352242 0.010476 0.038100
0 0.601496 0.382186 0.027940 0.009169
0 0.575542 0.388912 0.016667 0.012860
0 0.569588 0.412369 0.021273 0.012143
0 0.621341 0.402248 0.003495 0.021669
0 0.622452 0.411773 0.022543 0.010952
0 0.671744 0.420941 0.022702 0.015479
0 0.617293 0.425882 0.010003 0.018931
0 0.603401 0.425465 0.026353 0.008574
0 0.574271 0.427310 0.033178 0.014883
0 0.688651 0.443563 0.013810 0.015002
0 0.752310 0.474519 0.021749 0.025005
0 0.693168 0.449515 0.031766 0.092393
0 0.711930 0.512648 0.020063 0.010583
0 0.710111 0.529185 0.016425 0.012071
0 0.678031 0.491854 0.014223 0.024720
0 0.679739 0.498796 0.015437 0.009020
0 0.669486 0.484123 0.028661 0.032741
0 0.654714 0.479493 0.066366 0.017527
0 0.670699 0.493714 0.041452 0.023648
0 0.658571 0.512979 0.065926 0.014554
0 0.657525 0.520300 0.024805 0.013318
0 0.726756 0.560977 0.032963 0.025714
0 0.730666 0.611916 0.023151 0.027582
0 0.701959 0.608042 0.031882 0.008941
0 0.679535 0.607551 0.026194 0.005360
0 0.676493 0.587608 0.023284 0.015479
0 0.663065 0.608047 0.045906 0.019249
0 0.642164 0.593560 0.044051 0.019447
0 0.653209 0.549359 0.023019 0.006252
0 0.634557 0.555708 0.005291 0.019149
0 0.631182 0.533485 0.020771 0.009028
0 0.603601 0.554122 0.038631 0.032247
0 0.590107 0.566177 0.028575 0.010518
0 0.575885 0.542613 0.020241 0.011610
0 0.619611 0.496359 0.017199 0.008765
0 0.601698 0.499048 0.041564 0.006533
0 0.596240 0.507067 0.031528 0.015464
0 0.603352 0.474449 0.022603 0.010585
0 0.601642 0.479163 0.019845 0.016372
0 0.580367 0.494375 0.013009 0.019182
0 0.570665 0.494872 0.012566 0.017527
0 0.570995 0.486396 0.016098 0.035967
0 0.558151 0.483378 0.010033 0.012237
0 0.552145 0.504049 0.023813 0.021332
0 0.555230 0.521786 0.018740 0.010501
0 0.556443 0.540842 0.043436 0.023812
0 0.584248 0.445458 0.019117 0.016193
0 0.578414 0.464923 0.021782 0.022460
0 0.565924 0.463338 0.022325 0.013919
0 0.543183 0.468712 0.029408 0.025494
0 0.528851 0.474568 0.034917 0.020670
0 0.534823 0.469401 0.021690 0.011714
0 0.532341 0.462304 0.022242 0.016949
0 0.520443 0.453072 0.021230 0.014333
0 0.513507 0.446664 0.035103 0.009648
0 0.531060 0.436570 0.031233 0.007922
0 0.492930 0.440393 0.020218 0.013643
0 0.483563 0.434262 0.029950 0.003996
0 0.493715 0.404737 0.013872 0.012331
0 0.472442 0.420722 0.016544 0.028457
0 0.482416 0.425856 0.064401 0.017500
0 0.476012 0.368192 0.013505 0.020188
0 0.490527 0.373084 0.035923 0.015365
0 0.412984 0.448769 0.013337 0.021416
0 0.411771 0.441203 0.016425 0.023814
0 0.429355 0.447321 0.011687 0.019018
0 0.459396 0.448025 0.014884 0.012651
0 0.453223 0.460551 0.026789 0.021994
0 0.460554 0.477253 0.013667 0.021332
0 0.490539 0.482917 0.026237 0.014469
0 0.470200 0.492094 0.030976 0.006367
0 0.507903 0.487794 0.010694 0.015627
0 0.498146 0.498957 0.040129 0.009839
0 0.467113 0.501478 0.016865 0.015050
0 0.515731 0.511772 0.031640 0.009675
0 0.446224 0.511607 0.022930 0.013477
0 0.448924 0.525580 0.032741 0.020258
0 0.475382 0.524629 0.026789 0.018356
0 0.468436 0.531575 0.023042 0.009921
0 0.493021 0.541248 0.010473 0.021002
0 0.476209 0.550510 0.024692 0.021332
0 0.528133 0.563945 0.038806 0.006203
0 0.531549 0.567910 0.025136 0.007696
0 0.494773 0.579745 0.043767 0.009509
0 0.556288 0.595744 0.053026 0.007937
0 0.570124 0.610502 0.011247 0.016620
0 0.468150 0.605252 0.015651 0.045806
0 0.490860 0.626998 0.012130 0.020007
0 0.584400 0.638036 0.010473 0.018274
0 0.517207 0.674126 0.030427 0.023812
0 0.560919 0.685082 0.032520 0.026543
0 0.602055 0.606749 0.018092 0.031419
0 0.694054 0.633703 0.019967 0.003968
0 0.602884 0.668595 0.010926 0.018023
0 0.636733 0.657268 0.027011 0.005623
0 0.622397 0.664255 0.037163 0.009343
0 0.639102 0.671034 0.029765 0.007688
0 0.634468 0.669050 0.028452 0.008517
0 0.632264 0.672524 0.031981 0.031337
0 0.716176 0.675215 0.030407 0.028946
