0 0.163929 0.391979 0.017937 0.009206
0 0.177383 0.388790 0.016531 0.011334
0 0.204304 0.379225 0.028813 0.014878
0 0.233588 0.371431 0.050536 0.028338
0 0.249173 0.368953 0.023142 0.015585
0 0.240491 0.358409 0.035413 0.030756
0 0.159595 0.362723 0.018323 0.017004
0 0.150438 0.348279 0.024851 0.020268
0 0.179626 0.321497 0.012421 0.007686
0 0.115964 0.313228 0.017391 0.009318
0 0.141739 0.284230 0.012421 0.013743
0 0.471096 0.356496 0.009124 0.009608
0 0.560284 0.376295 0.017857 0.012808
0 0.460518 0.355549 0.019408 0.009462
0 0.468768 0.343977 0.011452 0.007860
0 0.503024 0.351761 0.016696 0.015873
0 0.502928 0.363702 0.012616 0.015285
0 0.501814 0.307080 0.013767 0.009487
0 0.516703 0.327158 0.017467 0.011161
0 0.539198 0.328013 0.015632 0.010045
0 0.520972 0.299547 0.020833 0.010603
0 0.492475 0.494634 0.013019 0.009487
0 0.650402 0.431581 0.011167 0.010037
0 0.603519 0.408271 0.015635 0.011434
0 0.622133 0.422091 0.016382 0.015064
0 0.620818 0.447479 0.014521 0.011724
0 0.609294 0.460595 0.018978 0.009484
0 0.607244 0.488636 0.021577 0.010322
0 0.556463 0.505517 0.016743 0.010603
0 0.598133 0.503837 0.018224 0.010055
0 0.581389 0.505377 0.018975 0.012555
0 0.572836 0.488082 0.023442 0.015895
0 0.625101 0.478870 0.011161 0.011997
0 0.590317 0.459200 0.022692 0.013951
0 0.586597 0.409954 0.019716 0.015905
0 0.487454 0.479149 0.022321 0.007535
0 0.524469 0.455154 0.015995 0.010322
0 0.518523 0.440510 0.012292 0.012269
0 0.561485 0.427113 0.013393 0.011161
0 0.497307 0.403113 0.018218 0.007267
0 0.501404 0.407164 0.010790 0.010880
0 0.468540 0.531967 0.017483 0.020134
0 0.449188 0.575047 0.016240 0.012644
0 0.489769 0.568725 0.021230 0.009365
0 0.498823 0.573413 0.020608 0.014980
0 0.451371 0.577856 0.016855 0.013579
0 0.499539 0.421257 0.013032 0.013943
0 0.466807 0.432274 0.013767 0.007535
0 0.427118 0.399108 0.010870 0.016049
0 0.439345 0.395923 0.023776 0.014777
0 0.448347 0.384714 0.015284 0.015285
0 0.455489 0.384978 0.012566 0.013775
0 0.454299 0.394783 0.016997 0.017081
0 0.477388 0.435787 0.009511 0.014531
0 0.487923 0.431846 0.014934 0.009675
0 0.496066 0.437836 0.014950 0.007909
0 0.469405 0.468020 0.011892 0.008658
0 0.473993 0.471967 0.012907 0.009425
0 0.484188 0.467254 0.014957 0.010188
0 0.490635 0.466107 0.010192 0.015538
0 0.495392 0.451969 0.023099 0.019871
0 0.496410 0.448021 0.018343 0.011463
0 0.506091 0.450312 0.018003 0.016558
0 0.498618 0.455280 0.013929 0.012227
0 0.562136 0.470693 0.015284 0.011466
0 0.561619 0.463306 0.019686 0.014013
0 0.549739 0.434518 0.016303 0.008916
0 0.556453 0.443936 0.018132 0.011880
0 0.556460 0.439525 0.013588 0.013926
0 0.583414 0.432057 0.015837 0.013916
0 0.578877 0.433072 0.016756 0.012567
0 0.671721 0.383989 0.028535 0.012909
0 0.620304 0.378557 0.023545 0.012222
0 0.591558 0.384163 0.016753 0.012577
0 0.599031 0.373120 0.022646 0.016305
0 0.595861 0.380763 0.017212 0.011208
0 0.599256 0.346796 0.028538 0.015962
0 0.586577 0.358344 0.022189 0.018003
0 0.566199 0.355625 0.033059 0.020724
0 0.560309 0.353079 0.022192 0.013589
0 0.692328 0.291435 0.032606 0.040409
0 0.653606 0.294655 0.039401 0.029891
0 0.641151 0.298053 0.027176 0.017664
0 0.664029 0.284466 0.019461 0.014268
0 0.660625 0.298393 0.021739 0.015625
0 0.668328 0.291771 0.019031 0.011895
0 0.489420 0.323023 0.021763 0.016632
0 0.493280 0.308922 0.015853 0.012230
0 0.458181 0.317247 0.021739 0.014613
0 0.454332 0.318433 0.012229 0.010188
0 0.562230 0.351527 0.010790 0.011466
0 0.453191 0.325892 0.022917 0.015523
0 0.460832 0.324885 0.014838 0.019561
0 0.500479 0.502050 0.015503 0.015856
0 0.492493 0.508126 0.021138 0.016734
0 0.637998 0.505660 0.019494 0.019906
0 0.634403 0.502958 0.009699 0.013455
0 0.528790 0.288393 0.020079 0.011706
0 0.586820 0.320474 0.019342 0.018973
0 0.421035 0.291063 0.046964 0.015211
0 0.563940 0.295362 0.014507 0.014509
0 0.564871 0.289364 0.017110 0.012557
0 0.583282 0.291880 0.017490 0.011984
0 0.327932 0.319916 0.017113 0.008929
0 0.326820 0.313641 0.021564 0.014782
0 0.317515 0.322845 0.015625 0.010322
0 0.334076 0.326887 0.017497 0.015630
0 0.336488 0.334702 0.019345 0.008929
0 0.330532 0.347954 0.015628 0.017584
0 0.363461 0.331767 0.013026 0.013683
0 0.389687 0.323961 0.018601 0.009767
0 0.400104 0.322147 0.012649 0.010603
0 0.434702 0.327588 0.014881 0.013673
0 0.474320 0.280577 0.018224 0.022314
0 0.451814 0.281130 0.018601 0.011153
0 0.457024 0.287550 0.010417 0.010045
0 0.522482 0.269308 0.016154 0.016721
0 0.356508 0.301332 0.016574 0.015392
0 0.363810 0.285939 0.028022 0.011248
0 0.741503 0.310656 0.013813 0.013321
0 0.281548 0.258988 0.011706 0.014405
0 0.533352 0.274643 0.014521 0.011136
0 0.468674 0.254851 0.041581 0.026468
0 0.488145 0.255588 0.017163 0.016086
0 0.369044 0.262764 0.015873 0.010642
0 0.439357 0.229101 0.016214 0.017230
0 0.448664 0.228586 0.013373 0.008487
0 0.485876 0.233983 0.015073 0.012609
0 0.393363 0.264123 0.020417 0.010687
0 0.679089 0.204286 0.014044 0.012341
0 0.380653 0.258927 0.015784 0.010682
0 0.333889 0.149645 0.036984 0.028011
0 0.188302 0.234509 0.040890 0.030188
0 0.711918 0.237529 0.039458 0.029606
0 0.547854 0.193135 0.026991 0.024911
0 0.453361 0.176773 0.024911 0.017138
0 0.515650 0.232855 0.041518 0.026473
0 0.124964 0.481419 0.013684 0.019484
0 0.195574 0.458399 0.018905 0.009556
0 0.215410 0.444757 0.014153 0.019127
0 0.243505 0.451664 0.025033 0.009563
0 0.283659 0.432003 0.020294 0.015593
0 0.251771 0.413762 0.018892 0.010273
0 0.292855 0.405619 0.020771 0.011684
0 0.268537 0.389852 0.011809 0.012755
0 0.256491 0.394271 0.014173 0.011706
0 0.204304 0.404022 0.022199 0.009209
0 0.218945 0.412522 0.028810 0.023378
0 0.223905 0.407387 0.016058 0.008147
0 0.316483 0.479117 0.017960 0.022669
0 0.191792 0.494885 0.019828 0.012388
0 0.262166 0.509940 0.013234 0.017698
0 0.263808 0.495771 0.021267 0.009201
0 0.297578 0.479122 0.015129 0.013452
0 0.353322 0.417664 0.018879 0.015933
0 0.367490 0.454323 0.016991 0.013457
0 0.381414 0.376917 0.019375 0.010283
0 0.342209 0.376564 0.017487 0.009576
0 0.340093 0.389674 0.016058 0.012398
0 0.361811 0.390384 0.023601 0.015937
0 0.356144 0.399061 0.032130 0.022671
0 0.392983 0.367542 0.024550 0.011324
0 0.131101 0.538800 0.014649 0.014514
0 0.300188 0.533495 0.026938 0.026562
0 0.227910 0.549616 0.017460 0.009201
0 0.213512 0.553157 0.015119 0.011324
0 0.313406 0.578651 0.028810 0.022679
0 0.317887 0.614606 0.014160 0.014529
0 0.393800 0.643812 0.013657 0.016989
0 0.446235 0.611396 0.014699 0.011027
0 0.460708 0.642924 0.017910 0.007227
0 0.479079 0.602266 0.020671 0.015503
0 0.370215 0.529404 0.012414 0.008261
0 0.377791 0.554901 0.021124 0.013770
0 0.357576 0.582457 0.017454 0.011024
0 0.355050 0.568503 0.016078 0.007924
0 0.356200 0.576772 0.010106 0.010682
0 0.349306 0.573160 0.017460 0.012391
0 0.424193 0.544555 0.026627 0.017235
0 0.405121 0.584351 0.020671 0.013435
0 0.388583 0.584519 0.021591 0.010327
0 0.392030 0.595201 0.024802 0.015154
0 0.510546 0.595032 0.018373 0.011369
0 0.480458 0.558167 0.021591 0.013437
0 0.664539 0.569754 0.024554 0.016071
0 0.376564 0.481544 0.015218 0.013197
0 0.447421 0.557338 0.012368 0.011401
0 0.395106 0.568207 0.017130 0.013189
0 0.435775 0.560724 0.017583 0.010337
0 0.418649 0.560720 0.016644 0.008202
0 0.416748 0.565001 0.012841 0.008916
0 0.406524 0.572669 0.019021 0.011414
0 0.544717 0.683684 0.024983 0.018261
0 0.467292 0.688130 0.019980 0.013115
0 0.663021 0.634747 0.021842 0.008433
0 0.630878 0.554909 0.021214 0.012646
0 0.504441 0.553506 0.014358 0.008896
0 0.549395 0.565681 0.015608 0.010771
0 0.400073 0.227592 0.017573 0.007530
0 0.369003 0.217587 0.026366 0.012009
0 0.376070 0.208296 0.011617 0.015997
0 0.384023 0.165134 0.014130 0.017411
0 0.395797 0.170308 0.012784 0.012113
0 0.409421 0.173209 0.022546 0.013879
0 0.448953 0.130315 0.012788 0.013378
0 0.326997 0.238690 0.033307 0.017659
0 0.315729 0.250547 0.022199 0.011610
0 0.334229 0.250295 0.022877 0.020184
0 0.378647 0.234773 0.017480 0.022969
0 0.316567 0.219888 0.019180 0.016910
0 0.289654 0.287765 0.019177 0.026999
0 0.207563 0.265939 0.040708 0.023718
0 0.201002 0.266317 0.013459 0.014886
0 0.195620 0.256477 0.017497 0.008832
0 0.379649 0.191376 0.016151 0.008829
0 0.398330 0.198440 0.014451 0.008834
0 0.267616 0.175228 0.012784 0.009841
0 0.276197 0.184563 0.023214 0.017917
0 0.268968 0.185064 0.008757 0.016409
0 0.666768 0.500495 0.015625 0.019531
0 0.660818 0.493101 0.009666 0.011997
0 0.671232 0.489752 0.012649 0.009206
0 0.672533 0.437715 0.023439 0.020647
0 0.692060 0.479562 0.020099 0.019541
0 0.715696 0.462961 0.013006 0.010893
0 0.723892 0.440241 0.029134 0.026116
0 0.676625 0.508720 0.015995 0.013125
0 0.679977 0.520439 0.013790 0.012009
0 0.675509 0.525885 0.015251 0.010600
0 0.669185 0.532024 0.010043 0.008929
0 0.614874 0.520027 0.013016 0.007812
0 0.664906 0.528676 0.017113 0.015625
0 0.620013 0.526044 0.014742 0.013313
0 0.535767 0.536768 0.018942 0.011285
0 0.527050 0.537665 0.013538 0.015345
0 0.512158 0.528865 0.015043 0.009025
0 0.711883 0.380908 0.019428 0.019430
0 0.480357 0.391837 0.017130 0.008673
0 0.531463 0.401035 0.021267 0.005543
0 0.532779 0.479275 0.020235 0.009442
0 0.434739 0.457020 0.021131 0.011461
0 0.564706 0.528683 0.013935 0.009102
0 0.285466 0.494965 0.017560 0.015179
0 0.550766 0.551442 0.018436 0.016858
0 0.567918 0.552427 0.021286 0.014278
0 0.576356 0.554675 0.014352 0.012525
0 0.427647 0.505744 0.013112 0.009831
0 0.429519 0.512533 0.015612 0.010300
0 0.418280 0.498253 0.014358 0.013579
0 0.397052 0.497081 0.024349 0.017793
0 0.441999 0.524237 0.016868 0.014993
0 0.478519 0.488495 0.021587 0.013398
0 0.502333 0.506910 0.016372 0.010050
0 0.517594 0.496861 0.018588 0.009497
0 0.147391 0.402603 0.019835 0.014169
