0 0.672619 0.440972 0.023148 0.009921
0 0.715278 0.359127 0.033069 0.009921
0 0.275132 0.255704 0.019841 0.014881
0 0.443783 0.203621 0.019841 0.017361
0 0.290013 0.225942 0.023148 0.012401
0 0.286706 0.237103 0.029762 0.009921
0 0.719907 0.350942 0.026455 0.012401
0 0.713624 0.342758 0.016534 0.019841
0 0.678241 0.317460 0.019841 0.009921
0 0.664683 0.324901 0.016534 0.019841
0 0.665344 0.317460 0.016534 0.009921
0 0.692791 0.315228 0.033069 0.012401
0 0.497354 0.456845 0.023148 0.024802
0 0.482474 0.463294 0.019841 0.014881
0 0.505291 0.482391 0.029762 0.012401
0 0.489749 0.485615 0.019841 0.009921
0 0.489749 0.490823 0.026455 0.017361
0 0.486111 0.499504 0.009921 0.014881
0 0.492725 0.461062 0.029762 0.027282
0 0.377976 0.612599 0.026455 0.014881
0 0.643519 0.587302 0.016534 0.014881
0 0.335648 0.550595 0.019841 0.014881
0 0.620701 0.589534 0.013228 0.012401
0 0.690146 0.515129 0.013228 0.012401
0 0.309854 0.607391 0.013228 0.022321
0 0.506614 0.639633 0.023148 0.022321
0 0.458003 0.608135 0.019841 0.009921
0 0.469577 0.644841 0.016534 0.009921
0 0.694775 0.557540 0.013228 0.009921
0 0.680225 0.567956 0.013228 0.009921
0 0.423280 0.629464 0.016534 0.019841
0 0.327050 0.587054 0.019841 0.012401
0 0.444775 0.656002 0.026455 0.007440
0 0.378968 0.626984 0.016534 0.009921
0 0.699405 0.525298 0.019841 0.009921
0 0.698743 0.567956 0.019841 0.009921
0 0.309193 0.589038 0.019841 0.012401
0 0.342262 0.604911 0.019841 0.022321
0 0.324735 0.632688 0.036376 0.032242
0 0.424603 0.587054 0.016534 0.022321
0 0.409061 0.581101 0.013228 0.007440
0 0.755622 0.441468 0.013228 0.014881
0 0.239418 0.500496 0.023148 0.014881
0 0.331349 0.526786 0.016534 0.014881
0 0.507937 0.608879 0.029762 0.017361
0 0.694775 0.474950 0.026455 0.007440
0 0.398479 0.600694 0.019841 0.009921
0 0.693452 0.295883 0.026455 0.012401
0 0.560516 0.244544 0.013228 0.009921
0 0.585317 0.218502 0.016534 0.012401
0 0.676918 0.233383 0.019841 0.012401
0 0.280754 0.375744 0.013228 0.012401
0 0.605820 0.563244 0.009921 0.012401
0 0.628968 0.213542 0.016534 0.012401
0 0.499669 0.269097 0.026455 0.022321
0 0.353175 0.358135 0.023148 0.014881
0 0.482804 0.257192 0.016534 0.012401
0 0.589286 0.256200 0.016534 0.017361
0 0.672950 0.246280 0.013228 0.017361
0 0.487103 0.473462 0.026455 0.007440
0 0.507937 0.478175 0.009921 0.009921
0 0.498347 0.478671 0.013228 0.009921
0 0.474537 0.499008 0.019841 0.009921
0 0.468915 0.494544 0.016534 0.014881
0 0.506614 0.523562 0.023148 0.017361
0 0.490741 0.532242 0.029762 0.014881
0 0.484127 0.533234 0.016534 0.019841
0 0.524140 0.546379 0.013228 0.012401
0 0.523148 0.546627 0.023148 0.009921
0 0.509921 0.556052 0.016534 0.014881
0 0.492725 0.561260 0.023148 0.007440
0 0.499339 0.559028 0.036376 0.014881
0 0.485780 0.565476 0.026455 0.019841
0 0.478505 0.544643 0.019841 0.014881
0 0.477183 0.553571 0.019841 0.019841
0 0.493717 0.581101 0.026455 0.012401
0 0.481812 0.583581 0.033069 0.027282
0 0.457011 0.557292 0.023148 0.022321
0 0.455357 0.577629 0.046296 0.012401
0 0.458333 0.570188 0.036376 0.017361
0 0.465939 0.478423 0.013228 0.022321
0 0.498677 0.509673 0.009921 0.017361
0 0.456349 0.531002 0.023148 0.012401
0 0.458664 0.518601 0.026455 0.012401
0 0.450728 0.528522 0.013228 0.012401
0 0.476521 0.587302 0.019841 0.014881
0 0.514881 0.513641 0.019841 0.007440
0 0.449735 0.508433 0.023148 0.009921
0 0.451058 0.502232 0.016534 0.012401
0 0.446759 0.494544 0.033069 0.039683
0 0.419312 0.500000 0.023148 0.014881
0 0.421958 0.508185 0.029762 0.012401
0 0.492394 0.402530 0.013228 0.012401
0 0.491733 0.406250 0.013228 0.014881
0 0.407738 0.513889 0.013228 0.009921
0 0.610780 0.284474 0.019841 0.017361
0 0.463624 0.266121 0.016534 0.012401
0 0.622354 0.298115 0.029762 0.009921
0 0.406746 0.261905 0.016534 0.009921
0 0.681878 0.249256 0.036376 0.022321
0 0.410384 0.253224 0.019841 0.007440
0 0.334656 0.470982 0.016534 0.017361
0 0.384590 0.224702 0.019841 0.014881
0 0.370040 0.246032 0.013228 0.019841
0 0.252315 0.355407 0.013228 0.012401
0 0.344246 0.250744 0.019841 0.012401
0 0.325066 0.497768 0.013228 0.012401
0 0.237103 0.270585 0.026455 0.017361
0 0.492063 0.285218 0.023148 0.009921
0 0.554894 0.493304 0.016534 0.012401
0 0.287698 0.447669 0.016534 0.017361
0 0.391865 0.242560 0.033069 0.009921
0 0.417328 0.246032 0.029762 0.009921
0 0.410714 0.274554 0.016534 0.012401
0 0.346892 0.444196 0.013228 0.017361
0 0.311508 0.350446 0.016534 0.017361
0 0.203373 0.310516 0.019841 0.014881
0 0.192130 0.322669 0.013228 0.007440
0 0.413690 0.241815 0.019841 0.012401
0 0.743056 0.427579 0.019841 0.009921
0 0.239418 0.328373 0.016534 0.019841
0 0.410714 0.341270 0.016534 0.019841
0 0.204696 0.325397 0.019841 0.014881
0 0.457341 0.248512 0.019841 0.009921
0 0.694444 0.349206 0.023148 0.019841
0 0.670966 0.466022 0.033069 0.012401
0 0.228175 0.355407 0.016534 0.012401
0 0.501653 0.243304 0.013228 0.007440
0 0.509259 0.250000 0.009921 0.014881
0 0.608466 0.478175 0.023148 0.009921
0 0.575066 0.562996 0.019841 0.024802
0 0.510913 0.235615 0.013228 0.019841
0 0.273148 0.486855 0.029762 0.012401
0 0.335979 0.210317 0.009921 0.014881
0 0.403439 0.214534 0.016534 0.022321
0 0.591931 0.201637 0.042989 0.022321
0 0.538690 0.234623 0.013228 0.014881
0 0.224537 0.305804 0.019841 0.012401
0 0.642857 0.273810 0.023148 0.009921
0 0.626653 0.227183 0.019841 0.009921
0 0.494048 0.331349 0.023148 0.009921
0 0.168981 0.385169 0.019841 0.017361
0 0.156746 0.397321 0.016534 0.014881
0 0.454696 0.298859 0.019841 0.017361
0 0.449074 0.308780 0.036376 0.012401
0 0.428902 0.313244 0.019841 0.017361
0 0.512897 0.323661 0.013228 0.017361
0 0.531746 0.330853 0.023148 0.009921
0 0.552249 0.332341 0.016534 0.009921
0 0.552249 0.337054 0.023148 0.012401
0 0.559193 0.359623 0.013228 0.009921
0 0.651786 0.373512 0.013228 0.014881
0 0.505952 0.373016 0.016534 0.009921
0 0.701720 0.390129 0.016534 0.012401
0 0.651786 0.350198 0.026455 0.009921
0 0.698082 0.408482 0.013228 0.022321
0 0.409061 0.293651 0.019841 0.009921
0 0.397156 0.297371 0.026455 0.012401
0 0.666667 0.398313 0.016534 0.019841
0 0.663360 0.389385 0.036376 0.019841
0 0.732474 0.360367 0.013228 0.017361
0 0.735119 0.345238 0.013228 0.029762
0 0.432870 0.353671 0.013228 0.009921
0 0.448082 0.342758 0.019841 0.014881
0 0.573413 0.378224 0.016534 0.012401
0 0.575066 0.370536 0.046296 0.009921
0 0.631614 0.484375 0.009921 0.017361
0 0.555556 0.378720 0.016534 0.012401
0 0.541005 0.381696 0.016534 0.012401
0 0.539683 0.375248 0.029762 0.032242
0 0.442130 0.363839 0.013228 0.012401
0 0.187831 0.515625 0.009921 0.012401
0 0.685185 0.369792 0.016534 0.007440
0 0.209656 0.518601 0.009921 0.022321
0 0.689484 0.360367 0.013228 0.012401
0 0.222222 0.513393 0.016534 0.009921
0 0.673942 0.342262 0.016534 0.014881
0 0.189815 0.492312 0.023148 0.017361
0 0.351521 0.549603 0.013228 0.009921
0 0.215608 0.396329 0.023148 0.014881
0 0.153108 0.473710 0.013228 0.009921
0 0.154101 0.543155 0.016534 0.014881
0 0.674272 0.356151 0.019841 0.014881
0 0.412368 0.398562 0.019841 0.007440
0 0.415675 0.377976 0.026455 0.009921
0 0.423611 0.368800 0.019841 0.017361
0 0.504299 0.423611 0.026455 0.009921
0 0.279762 0.514881 0.016534 0.009921
0 0.279431 0.509425 0.026455 0.024802
0 0.733466 0.325645 0.016534 0.017361
0 0.729497 0.325645 0.009921 0.027282
0 0.153770 0.440724 0.026455 0.007440
0 0.127976 0.443452 0.026455 0.014881
0 0.416667 0.468254 0.023148 0.014881
0 0.239418 0.471230 0.016534 0.009921
0 0.623677 0.417907 0.023148 0.017361
0 0.604497 0.407986 0.016534 0.017361
0 0.608466 0.425347 0.042989 0.042163
0 0.120370 0.425099 0.016534 0.014881
0 0.132606 0.412202 0.013228 0.014881
0 0.134921 0.423859 0.016534 0.022321
0 0.186839 0.349950 0.019841 0.012401
0 0.271164 0.408482 0.042989 0.022321
0 0.301587 0.388889 0.023148 0.014881
0 0.183862 0.468006 0.023148 0.017361
0 0.389220 0.568700 0.013228 0.012401
0 0.172288 0.350942 0.033069 0.022321
0 0.175926 0.348462 0.023148 0.017361
0 0.386905 0.416667 0.023148 0.009921
0 0.315146 0.426339 0.013228 0.012401
0 0.246362 0.449157 0.013228 0.012401
0 0.198743 0.425843 0.019841 0.012401
0 0.213624 0.446925 0.023148 0.029762
0 0.220899 0.426091 0.016534 0.009921
0 0.233796 0.430556 0.052910 0.009921
0 0.248677 0.404762 0.036376 0.014881
0 0.340278 0.392113 0.085979 0.032242
0 0.387235 0.473462 0.019841 0.007440
0 0.375992 0.477183 0.013228 0.009921
0 0.354497 0.424107 0.016534 0.014881
0 0.340278 0.420387 0.013228 0.017361
0 0.341270 0.421379 0.009921 0.012401
0 0.416336 0.389881 0.026455 0.009921
0 0.255622 0.452133 0.026455 0.017361
0 0.686839 0.392857 0.013228 0.019841
0 0.260913 0.458085 0.046296 0.012401
0 0.320437 0.375744 0.019841 0.017361
0 0.331019 0.381696 0.033069 0.012401
0 0.331680 0.385913 0.033069 0.019841
0 0.332672 0.406746 0.029762 0.029762
0 0.372024 0.329861 0.013228 0.009921
0 0.388228 0.327877 0.016534 0.009921
0 0.371362 0.304315 0.019841 0.012401
0 0.365741 0.312748 0.016534 0.017361
0 0.383267 0.310020 0.026455 0.014881
0 0.376653 0.313988 0.033069 0.029762
0 0.382275 0.319940 0.036376 0.019841
0 0.435516 0.430804 0.019841 0.017361
0 0.443122 0.432292 0.016534 0.017361
0 0.454365 0.414187 0.029762 0.019841
0 0.458333 0.415923 0.023148 0.012401
0 0.461310 0.406994 0.026455 0.017361
0 0.459325 0.390129 0.033069 0.017361
0 0.456680 0.381696 0.019841 0.017361
0 0.479828 0.392113 0.013228 0.022321
0 0.477183 0.375744 0.026455 0.022321
0 0.442460 0.446429 0.016534 0.014881
0 0.459656 0.444196 0.016534 0.012401
0 0.555886 0.524058 0.013228 0.007440
0 0.436177 0.518849 0.013228 0.009921
0 0.430556 0.535466 0.029762 0.012401
0 0.437831 0.546875 0.023148 0.012401
0 0.420966 0.548363 0.013228 0.012401
0 0.423942 0.551091 0.016534 0.009921
0 0.410053 0.552083 0.016534 0.009921
0 0.616402 0.456349 0.036376 0.009921
0 0.598545 0.463294 0.016534 0.014881
0 0.601521 0.458333 0.033069 0.014881
0 0.588955 0.463294 0.013228 0.014881
0 0.604167 0.642609 0.013228 0.017361
0 0.609788 0.633185 0.016534 0.012401
0 0.609788 0.625496 0.016534 0.009921
0 0.594246 0.630704 0.013228 0.012401
0 0.648479 0.529514 0.033069 0.022321
0 0.634259 0.525546 0.016534 0.012401
0 0.633598 0.518601 0.016534 0.012401
0 0.598876 0.537450 0.026455 0.012401
0 0.610780 0.529266 0.013228 0.019841
0 0.622024 0.530010 0.013228 0.022321
0 0.638228 0.508185 0.029762 0.012401
0 0.630622 0.502976 0.019841 0.019841
0 0.610780 0.504216 0.019841 0.012401
0 0.594246 0.498760 0.039683 0.012401
0 0.578042 0.596974 0.062831 0.012401
0 0.570106 0.591518 0.016534 0.022321
0 0.543320 0.607143 0.019841 0.014881
0 0.540013 0.613343 0.033069 0.022321
0 0.690807 0.493056 0.019841 0.014881
0 0.685516 0.492808 0.013228 0.012401
0 0.733796 0.448661 0.013228 0.017361
0 0.726190 0.438244 0.016534 0.012401
0 0.401786 0.499504 0.013228 0.009921
0 0.708664 0.431300 0.026455 0.012401
0 0.549272 0.644345 0.019841 0.014881
0 0.559193 0.627232 0.026455 0.012401
0 0.554563 0.637153 0.026455 0.017361
0 0.535053 0.653770 0.016534 0.009921
0 0.384590 0.579117 0.033069 0.012401
0 0.386905 0.580109 0.042989 0.017361
0 0.373677 0.571429 0.016534 0.009921
0 0.371032 0.566468 0.016534 0.014881
0 0.378968 0.558532 0.029762 0.009921
0 0.550265 0.583829 0.029762 0.014881
0 0.544643 0.580853 0.013228 0.009921
0 0.631944 0.551091 0.046296 0.024802
0 0.541336 0.538194 0.013228 0.009921
0 0.551257 0.556300 0.013228 0.032242
0 0.667659 0.552579 0.019841 0.014881
0 0.640542 0.571925 0.026455 0.009921
0 0.700066 0.440724 0.026455 0.012401
0 0.697090 0.449405 0.016534 0.009921
0 0.675595 0.460069 0.072751 0.047123
0 0.495701 0.447173 0.013228 0.012401
0 0.547619 0.518105 0.016534 0.012401
0 0.536376 0.516617 0.016534 0.007440
0 0.614418 0.494544 0.016534 0.009921
0 0.574735 0.441964 0.016534 0.024802
0 0.554894 0.420883 0.023148 0.022321
0 0.564484 0.418403 0.026455 0.027282
0 0.529101 0.413194 0.016534 0.019841
0 0.562500 0.405754 0.026455 0.044643
0 0.539352 0.428819 0.026455 0.022321
0 0.517526 0.402530 0.019841 0.017361
0 0.507937 0.405258 0.023148 0.014881
0 0.517196 0.398313 0.023148 0.014881
0 0.695437 0.344742 0.019841 0.019841
