0 0.411009 0.396677 0.032890 0.011434
0 0.407397 0.411269 0.010430 0.012334
0 0.412412 0.413976 0.016445 0.012937
0 0.405794 0.424055 0.012837 0.012034
0 0.712333 0.287202 0.026392 0.011260
0 0.697325 0.301374 0.020185 0.008542
0 0.629005 0.282158 0.013975 0.017470
0 0.714406 0.333206 0.022259 0.009318
0 0.545990 0.391412 0.015645 0.013539
0 0.531748 0.381184 0.012040 0.011128
0 0.539972 0.386300 0.016452 0.015347
0 0.665521 0.368553 0.011617 0.019546
0 0.633836 0.392011 0.018042 0.012941
0 0.639858 0.398189 0.028485 0.013839
0 0.667303 0.277688 0.043998 0.026409
0 0.566109 0.244700 0.017583 0.014747
0 0.604932 0.279638 0.020711 0.011657
0 0.509696 0.170748 0.030013 0.012031
0 0.548257 0.232269 0.013975 0.013189
0 0.552601 0.407507 0.008839 0.015045
0 0.552209 0.409162 0.011230 0.010531
0 0.554415 0.366590 0.022057 0.008428
0 0.554013 0.361778 0.023667 0.006017
0 0.470779 0.406003 0.012034 0.013237
0 0.606349 0.370660 0.012037 0.013542
0 0.454683 0.547386 0.007560 0.013814
0 0.456336 0.548802 0.011806 0.008854
0 0.463899 0.547030 0.018433 0.008147
0 0.700754 0.432264 0.016058 0.020184
0 0.738302 0.389045 0.015585 0.013814
0 0.414537 0.454046 0.012282 0.014169
0 0.451141 0.451921 0.012751 0.012046
0 0.408151 0.483098 0.015575 0.014162
0 0.411012 0.430841 0.008995 0.015947
0 0.537100 0.434031 0.012751 0.015940
0 0.445473 0.438282 0.021257 0.007438
0 0.427526 0.460599 0.013697 0.015231
0 0.433193 0.456172 0.010863 0.014878
0 0.428705 0.485573 0.018892 0.012044
0 0.448305 0.480966 0.008978 0.011337
0 0.442166 0.485399 0.035423 0.008864
0 0.443821 0.487697 0.029282 0.009918
0 0.421386 0.494783 0.012751 0.010627
0 0.425164 0.498679 0.020308 0.007086
0 0.426346 0.506649 0.010390 0.016647
0 0.410286 0.507357 0.017001 0.011689
0 0.390688 0.490716 0.011812 0.007423
0 0.390213 0.498502 0.005195 0.013105
0 0.379816 0.520109 0.018429 0.021607
0 0.510088 0.360875 0.020056 0.011434
0 0.524329 0.371254 0.014841 0.009928
0 0.532753 0.371553 0.015645 0.009921
0 0.529744 0.365388 0.008826 0.008425
0 0.538568 0.358469 0.018452 0.010831
0 0.612779 0.384493 0.010427 0.015945
0 0.629828 0.369147 0.018056 0.014137
0 0.621202 0.368848 0.012034 0.014139
0 0.587910 0.377423 0.010430 0.013839
0 0.591720 0.373211 0.014041 0.012636
0 0.592723 0.359070 0.012034 0.017450
0 0.487700 0.134839 0.022259 0.009315
0 0.490281 0.136197 0.018128 0.010484
0 0.517720 0.140078 0.021220 0.008152
0 0.512027 0.158518 0.020185 0.012423
0 0.491323 0.152500 0.020185 0.008929
0 0.484335 0.159296 0.021739 0.019410
0 0.477346 0.182784 0.018118 0.024447
0 0.480202 0.176959 0.034147 0.023661
0 0.481230 0.199861 0.009319 0.015139
0 0.481748 0.190738 0.011386 0.012423
0 0.445516 0.208012 0.019669 0.026788
0 0.431023 0.196561 0.014494 0.012423
0 0.412391 0.195397 0.010351 0.013199
0 0.404881 0.189382 0.019140 0.008924
0 0.423261 0.216359 0.011389 0.015526
0 0.405656 0.207819 0.006220 0.010871
0 0.482525 0.216164 0.017080 0.008152
0 0.331384 0.214613 0.032603 0.012808
0 0.318447 0.226257 0.030539 0.010481
0 0.318705 0.227617 0.011386 0.008542
0 0.275754 0.230522 0.023823 0.005836
0 0.267723 0.234798 0.013978 0.017468
0 0.637851 0.352150 0.027679 0.012034
0 0.693208 0.350193 0.014841 0.017153
0 0.680574 0.349438 0.016042 0.014452
0 0.341214 0.241203 0.018102 0.016305
0 0.365030 0.240232 0.013975 0.009705
0 0.396086 0.216747 0.025360 0.006987
0 0.394274 0.217524 0.013456 0.006987
0 0.387287 0.224511 0.028469 0.009315
0 0.356230 0.251297 0.011905 0.009315
0 0.322330 0.258865 0.024845 0.008152
0 0.317672 0.259448 0.023810 0.006987
0 0.323624 0.276917 0.013975 0.009315
0 0.405403 0.271288 0.022255 0.006600
0 0.404884 0.284293 0.007765 0.013973
0 0.420680 0.239067 0.007232 0.012034
0 0.427141 0.237710 0.008800 0.013976
0 0.451473 0.237520 0.013985 0.011250
0 0.473467 0.235382 0.009315 0.014752
0 0.462080 0.250326 0.013459 0.011257
0 0.462849 0.266824 0.012927 0.016302
0 0.423512 0.281771 0.024339 0.026786
0 0.376941 0.281961 0.021210 0.010102
0 0.393237 0.248971 0.016567 0.009301
0 0.385218 0.259643 0.009835 0.016691
0 0.372273 0.264878 0.028476 0.013983
0 0.377194 0.271095 0.022774 0.012423
0 0.385217 0.272066 0.018118 0.012034
0 0.231233 0.229170 0.017599 0.015528
0 0.204841 0.206265 0.016574 0.007768
0 0.438788 0.249356 0.014494 0.006987
0 0.436698 0.255370 0.014534 0.010491
0 0.436197 0.255760 0.010357 0.009705
0 0.335527 0.310303 0.010870 0.008542
0 0.528598 0.226839 0.011918 0.013202
0 0.493652 0.248385 0.011386 0.010481
0 0.517462 0.233440 0.031055 0.010868
0 0.541271 0.242563 0.018634 0.006600
0 0.521868 0.244115 0.025377 0.008150
0 0.527298 0.252267 0.014517 0.014365
0 0.503487 0.255179 0.019666 0.015526
0 0.512804 0.260031 0.017599 0.013589
0 0.519015 0.264107 0.016561 0.013199
0 0.543084 0.268377 0.008800 0.011644
0 0.556030 0.269546 0.025374 0.019400
0 0.562234 0.276529 0.018118 0.013976
0 0.579314 0.281381 0.022259 0.014365
0 0.559127 0.298075 0.011905 0.016696
0 0.540243 0.285074 0.011372 0.017073
0 0.551104 0.291863 0.030020 0.010481
0 0.514616 0.282352 0.009835 0.013197
0 0.501157 0.277500 0.016045 0.018244
0 0.450673 0.516391 0.025023 0.009916
0 0.384782 0.503106 0.017950 0.015940
0 0.471212 0.508774 0.014163 0.008147
0 0.449011 0.466975 0.013234 0.010270
0 0.483495 0.442533 0.030231 0.012398
0 0.391630 0.520995 0.008975 0.008502
0 0.385964 0.523829 0.010863 0.010625
0 0.380531 0.497794 0.013224 0.015940
0 0.384782 0.505587 0.008499 0.013817
0 0.452315 0.506829 0.016071 0.011327
0 0.380526 0.504702 0.019848 0.009206
0 0.390213 0.506649 0.016531 0.013105
0 0.639590 0.487697 0.011806 0.014169
0 0.443585 0.511786 0.019365 0.008502
0 0.453027 0.480082 0.025036 0.047822
0 0.466490 0.471225 0.018892 0.010273
0 0.521862 0.281576 0.018115 0.011644
0 0.347692 0.310496 0.014491 0.015139
0 0.259175 0.264302 0.028998 0.009705
0 0.287915 0.268571 0.009825 0.020575
0 0.289979 0.271677 0.010870 0.008929
0 0.266430 0.275947 0.016564 0.013586
0 0.269534 0.272648 0.023810 0.010871
0 0.289463 0.279635 0.022259 0.011647
0 0.293085 0.285652 0.034676 0.007376
0 0.273671 0.289340 0.027963 0.027173
0 0.284803 0.297103 0.023290 0.008542
0 0.199400 0.297297 0.010870 0.007376
0 0.196295 0.305255 0.008800 0.009315
0 0.199142 0.307779 0.015526 0.016694
0 0.218811 0.316513 0.013456 0.012421
0 0.223467 0.306425 0.016558 0.011654
0 0.422440 0.417887 0.018049 0.014742
0 0.432870 0.418638 0.016448 0.008423
0 0.432068 0.409162 0.013237 0.018353
0 0.424648 0.395474 0.014441 0.011434
0 0.288168 0.324860 0.016561 0.008152
0 0.124350 0.342717 0.018118 0.018247
0 0.173266 0.330099 0.019673 0.005437
0 0.172222 0.355921 0.011376 0.008916
0 0.265913 0.341939 0.017599 0.010481
0 0.527138 0.347939 0.016445 0.015645
0 0.529144 0.348842 0.020456 0.015645
0 0.534358 0.342975 0.022063 0.011734
0 0.531549 0.350952 0.010830 0.006627
0 0.441295 0.368999 0.010830 0.004814
0 0.444102 0.371555 0.006822 0.009325
0 0.445506 0.378173 0.008022 0.009928
0 0.484201 0.504524 0.015585 0.016647
0 0.502857 0.504524 0.022672 0.012396
0 0.512540 0.492835 0.008975 0.010273
0 0.627075 0.495846 0.008502 0.012044
0 0.559549 0.490171 0.027364 0.011324
0 0.543948 0.488052 0.009444 0.017711
0 0.547019 0.476539 0.020308 0.008857
0 0.562364 0.467153 0.022679 0.031880
0 0.566854 0.470868 0.015585 0.008155
0 0.579843 0.464674 0.013224 0.010627
0 0.590228 0.456700 0.012269 0.015236
0 0.613135 0.485568 0.020317 0.014886
0 0.603935 0.485577 0.026455 0.019120
0 0.598257 0.465389 0.019821 0.013467
0 0.597318 0.467153 0.019835 0.008502
0 0.529778 0.456525 0.028340 0.008502
0 0.182589 0.344163 0.011343 0.019526
0 0.188370 0.344082 0.023327 0.014256
0 0.199124 0.344076 0.014491 0.012230
0 0.210673 0.343142 0.010870 0.009003
0 0.186344 0.368699 0.017860 0.007140
0 0.169482 0.385430 0.011776 0.011039
0 0.174780 0.387129 0.017437 0.009343
0 0.143750 0.421179 0.017725 0.011555
0 0.162090 0.403641 0.012090 0.004752
0 0.170876 0.397626 0.009411 0.008636
0 0.175926 0.396916 0.036971 0.017245
0 0.177783 0.398760 0.017669 0.012326
0 0.208191 0.412778 0.015192 0.008938
0 0.212907 0.403069 0.018896 0.008023
0 0.204692 0.396911 0.010681 0.004313
0 0.238588 0.405077 0.010271 0.015714
0 0.232837 0.391832 0.023413 0.011391
0 0.217230 0.389983 0.016009 0.016324
0 0.233862 0.373032 0.008201 0.007706
0 0.243312 0.431576 0.012325 0.010786
0 0.255838 0.365331 0.006974 0.012011
0 0.265696 0.361171 0.008641 0.012331
0 0.275365 0.352082 0.018912 0.008926
0 0.258514 0.376266 0.012325 0.014174
0 0.297133 0.372568 0.037798 0.008628
0 0.277822 0.321111 0.026293 0.006161
0 0.318289 0.337289 0.013555 0.009549
0 0.365536 0.370103 0.014378 0.011709
0 0.597320 0.437221 0.014170 0.013108
0 0.585747 0.438814 0.023142 0.012753
0 0.531662 0.485751 0.016042 0.023735
0 0.518444 0.494074 0.022669 0.019129
0 0.485855 0.485921 0.022669 0.025513
0 0.482786 0.482739 0.016531 0.014878
0 0.486090 0.488406 0.010863 0.010627
0 0.484911 0.480967 0.012282 0.007083
0 0.493176 0.480967 0.009917 0.007083
0 0.489400 0.472109 0.011802 0.013465
0 0.464762 0.373511 0.010430 0.011431
0 0.450916 0.383735 0.009239 0.013829
0 0.430870 0.391109 0.018882 0.016543
0 0.437090 0.384494 0.017632 0.008720
0 0.443902 0.416231 0.009630 0.004814
0 0.445508 0.413374 0.022464 0.006317
0 0.440496 0.407809 0.010820 0.015042
0 0.460147 0.411267 0.020460 0.006920
0 0.444704 0.399685 0.016849 0.007822
0 0.444504 0.395624 0.017249 0.012334
0 0.309458 0.413088 0.015608 0.016949
0 0.343763 0.391827 0.027526 0.032354
0 0.348897 0.422333 0.011505 0.016332
0 0.336572 0.420021 0.015612 0.016024
0 0.318494 0.434349 0.036154 0.008936
0 0.279671 0.427262 0.022596 0.022495
0 0.286452 0.422790 0.012321 0.010471
0 0.292817 0.418635 0.014378 0.012016
0 0.289942 0.411855 0.026703 0.008318
0 0.266729 0.461926 0.032044 0.010474
0 0.192363 0.455918 0.011511 0.009554
0 0.193395 0.444980 0.014382 0.009861
0 0.457143 0.392010 0.019246 0.012344
0 0.457741 0.389757 0.017249 0.011434
0 0.490240 0.396523 0.012424 0.012341
0 0.481807 0.386745 0.010837 0.015652
0 0.483616 0.390810 0.009626 0.015345
0 0.643370 0.540472 0.011806 0.017701
0 0.643368 0.544551 0.021253 0.017356
0 0.475465 0.449618 0.008502 0.007440
0 0.479952 0.452629 0.025976 0.004960
0 0.487743 0.451212 0.019838 0.005667
0 0.500023 0.450858 0.017004 0.011334
0 0.480188 0.460068 0.010390 0.012750
0 0.491052 0.457233 0.021726 0.006376
0 0.232348 0.459029 0.018671 0.008078
0 0.201825 0.431694 0.015800 0.012118
0 0.207207 0.436673 0.009329 0.013460
0 0.210623 0.436003 0.015440 0.010503
0 0.200030 0.454074 0.010774 0.012121
0 0.197158 0.498915 0.010771 0.016158
0 0.180281 0.496894 0.014365 0.009427
0 0.243659 0.497433 0.011849 0.009425
0 0.243118 0.507937 0.015800 0.017505
0 0.212070 0.531622 0.008267 0.014286
0 0.490033 0.377272 0.013638 0.014142
0 0.496852 0.378025 0.009630 0.013237
0 0.499058 0.384492 0.007619 0.016548
0 0.220858 0.519921 0.016518 0.018313
0 0.225885 0.527731 0.010056 0.016696
0 0.249044 0.530423 0.007540 0.013465
0 0.252814 0.513726 0.017235 0.017775
0 0.265923 0.510629 0.026931 0.007269
0 0.500496 0.464497 0.015112 0.013814
0 0.503330 0.460423 0.012282 0.010627
0 0.508289 0.463610 0.014640 0.009209
0 0.498133 0.489645 0.018892 0.009563
0 0.504274 0.480967 0.013224 0.012753
0 0.508995 0.479379 0.010384 0.014511
0 0.510177 0.470518 0.010863 0.013105
0 0.321964 0.313604 0.009444 0.016642
0 0.335898 0.321741 0.023145 0.013814
0 0.513492 0.375162 0.010847 0.015950
0 0.484018 0.344633 0.020060 0.010238
0 0.493843 0.313792 0.022063 0.006319
0 0.485420 0.327330 0.009226 0.013539
0 0.278757 0.545438 0.012738 0.012750
0 0.291030 0.514443 0.017477 0.008147
0 0.277569 0.577850 0.009444 0.010273
0 0.294335 0.591486 0.020311 0.007793
0 0.300947 0.613273 0.011809 0.012398
0 0.310157 0.512139 0.012278 0.029754
0 0.300711 0.483270 0.020780 0.008147
0 0.279221 0.454401 0.010863 0.010627
0 0.281348 0.452982 0.015116 0.014169
0 0.392340 0.337679 0.014170 0.007431
0 0.376516 0.345122 0.016531 0.010982
0 0.364241 0.344587 0.012741 0.014174
0 0.380063 0.327055 0.020774 0.009566
0 0.495848 0.362380 0.012437 0.014442
0 0.496452 0.364785 0.010430 0.009025
0 0.488426 0.354856 0.007209 0.012639
0 0.365182 0.401621 0.012751 0.021962
0 0.389271 0.369386 0.015579 0.014169
0 0.398479 0.340162 0.012282 0.027274
0 0.399187 0.321565 0.007083 0.013462
0 0.402021 0.323336 0.009921 0.011334
0 0.408633 0.332723 0.011809 0.015942
0 0.423747 0.333255 0.008975 0.013460
0 0.427998 0.343173 0.018423 0.007086
0 0.440985 0.348310 0.016058 0.004606
0 0.442875 0.351143 0.011333 0.009563
0 0.331878 0.509660 0.013228 0.013467
0 0.329049 0.488584 0.013224 0.006731
0 0.357860 0.494959 0.016058 0.008857
0 0.346518 0.476181 0.015099 0.010992
0 0.323380 0.541369 0.014153 0.012401
0 0.323383 0.555001 0.010390 0.008500
0 0.312525 0.570583 0.013211 0.010620
0 0.321958 0.567932 0.007540 0.017361
0 0.324798 0.612386 0.020780 0.009211
0 0.324327 0.576432 0.012278 0.012398
0 0.321728 0.579974 0.010863 0.012398
0 0.491637 0.350647 0.008022 0.018051
0 0.494044 0.338462 0.008022 0.008725
0 0.488434 0.335905 0.008813 0.013839
0 0.491237 0.331993 0.008022 0.007220
0 0.497854 0.327933 0.022063 0.011734
0 0.504272 0.327781 0.010833 0.011431
0 0.524931 0.335754 0.021660 0.013537
0 0.417369 0.303318 0.009441 0.010972
0 0.436260 0.300136 0.014187 0.010293
0 0.337794 0.552695 0.016541 0.013822
0 0.348876 0.559955 0.013228 0.007073
0 0.358097 0.565805 0.014640 0.008147
0 0.355035 0.541896 0.021743 0.018415
0 0.381948 0.565097 0.015112 0.010982
0 0.389506 0.551281 0.017946 0.007438
0 0.340149 0.647809 0.013697 0.008500
0 0.336136 0.659852 0.014170 0.009918
0 0.366124 0.479727 0.013697 0.015233
0 0.363535 0.472995 0.015126 0.015236
0 0.536625 0.516047 0.025036 0.009921
0 0.613849 0.507357 0.013228 0.010980
0 0.390752 0.404348 0.018853 0.004514
0 0.548800 0.332444 0.017249 0.005717
0 0.315590 0.625138 0.011809 0.009209
0 0.332827 0.633817 0.027394 0.012396
0 0.335663 0.633462 0.014170 0.010982
0 0.341334 0.610795 0.016994 0.010975
0 0.347705 0.620002 0.014643 0.025149
0 0.358097 0.622659 0.031644 0.010625
0 0.367302 0.619298 0.013214 0.008140
0 0.393520 0.620179 0.011809 0.007793
0 0.383838 0.627440 0.006610 0.004603
0 0.376753 0.621596 0.031171 0.014169
0 0.419726 0.622835 0.031184 0.011691
0 0.338732 0.582099 0.014640 0.007438
0 0.339912 0.584580 0.009448 0.008857
0 0.364233 0.582099 0.010873 0.006729
0 0.440985 0.550928 0.010390 0.014524
0 0.437665 0.540811 0.015079 0.041840
0 0.449016 0.528788 0.012285 0.017001
0 0.351721 0.594498 0.009448 0.012398
0 0.371558 0.601405 0.011336 0.006376
0 0.357388 0.597863 0.017004 0.014169
0 0.369431 0.610970 0.018419 0.011334
0 0.368960 0.605832 0.017477 0.008147
0 0.402022 0.606011 0.010863 0.005667
0 0.499079 0.580859 0.012278 0.013460
0 0.508762 0.541187 0.013694 0.011337
0 0.439101 0.310058 0.015119 0.008157
0 0.426581 0.307930 0.019365 0.010280
0 0.450903 0.308106 0.022665 0.009913
0 0.447834 0.308104 0.008975 0.007086
0 0.513013 0.575723 0.025033 0.015940
0 0.616189 0.318455 0.023667 0.014439
0 0.507884 0.292883 0.019656 0.009025
0 0.510891 0.310784 0.014441 0.012336
0 0.516908 0.316952 0.009630 0.012034
0 0.430357 0.596446 0.008003 0.005670
0 0.471450 0.580683 0.023145 0.012398
0 0.435554 0.602821 0.007087 0.009918
0 0.463872 0.527729 0.006184 0.012051
0 0.483737 0.529322 0.014630 0.010975
0 0.490810 0.515327 0.009927 0.007083
0 0.699337 0.483273 0.013224 0.016644
0 0.516083 0.511431 0.009448 0.012753
0 0.602546 0.353202 0.018056 0.014142
0 0.601141 0.348689 0.008829 0.014144
0 0.591725 0.337860 0.013244 0.006920
0 0.574881 0.345083 0.010013 0.022557
0 0.565446 0.340869 0.015245 0.019556
0 0.518208 0.434210 0.008029 0.014169
0 0.517735 0.423405 0.008029 0.010982
0 0.611488 0.420578 0.017950 0.017346
0 0.586691 0.412247 0.010863 0.014876
0 0.567564 0.404630 0.013224 0.038611
0 0.657292 0.422879 0.024570 0.019122
0 0.514430 0.438637 0.010863 0.012398
0 0.568745 0.401621 0.010863 0.009209
0 0.502573 0.413982 0.012282 0.008147
0 0.436027 0.605124 0.019362 0.006731
0 0.470969 0.301904 0.012771 0.016654
0 0.497191 0.296592 0.012278 0.006022
0 0.483257 0.291632 0.011806 0.009563
0 0.485382 0.300311 0.012278 0.011337
0 0.543991 0.314240 0.027665 0.011441
0 0.540769 0.323419 0.016458 0.023767
0 0.597536 0.322066 0.008823 0.012034
0 0.595129 0.318606 0.010430 0.020159
0 0.401313 0.387806 0.014167 0.014169
0 0.338495 0.435444 0.027394 0.015223
0 0.337315 0.439877 0.020311 0.010627
0 0.377933 0.579438 0.007083 0.015578
0 0.384311 0.577140 0.014170 0.008854
0 0.364952 0.587059 0.017933 0.014524
0 0.406271 0.599634 0.026921 0.007086
0 0.384309 0.591310 0.022672 0.012396
0 0.381944 0.600873 0.023611 0.018065
0 0.406508 0.589184 0.016058 0.006731
0 0.409578 0.592372 0.009917 0.010980
0 0.415245 0.592904 0.008975 0.012044
0 0.417378 0.578023 0.012269 0.012049
0 0.414772 0.583694 0.013697 0.009918
0 0.427761 0.584401 0.017004 0.006376
0 0.446890 0.574307 0.012755 0.007438
0 0.452087 0.580682 0.019365 0.013814
0 0.440742 0.584046 0.012768 0.009214
0 0.444765 0.584756 0.016058 0.007086
0 0.448307 0.577672 0.016528 0.009209
0 0.490579 0.568993 0.015112 0.008854
0 0.466954 0.567398 0.015099 0.011334
0 0.451134 0.560847 0.013710 0.007438
0 0.559297 0.539596 0.023138 0.010987
0 0.361166 0.533748 0.014170 0.006374
0 0.384312 0.534805 0.017950 0.007805
0 0.368487 0.526132 0.012755 0.012398
0 0.670142 0.332746 0.007222 0.014142
0 0.549200 0.337108 0.028479 0.004812
0 0.545997 0.326277 0.019640 0.006617
0 0.544987 0.328079 0.016045 0.004819
0 0.547596 0.329136 0.009226 0.008123
0 0.482784 0.414019 0.017474 0.005667
0 0.505068 0.424660 0.012450 0.021066
0 0.478399 0.400739 0.012037 0.008725
0 0.504669 0.393814 0.012447 0.011141
0 0.397169 0.416689 0.008426 0.009916
0 0.382146 0.406303 0.014478 0.006620
0 0.667935 0.330940 0.007622 0.020759
0 0.664119 0.334096 0.023277 0.016853
0 0.629909 0.529852 0.015109 0.009209
0 0.565909 0.527904 0.029755 0.009568
0 0.583849 0.550928 0.014656 0.016647
0 0.590708 0.551636 0.021726 0.006729
0 0.412176 0.555001 0.011336 0.013460
0 0.421620 0.561554 0.021726 0.007438
0 0.414530 0.530908 0.016045 0.014891
0 0.422333 0.519399 0.018429 0.012393
0 0.401784 0.464319 0.014170 0.009918
0 0.527811 0.189769 0.012434 0.014360
0 0.623568 0.200637 0.013459 0.015918
0 0.669377 0.203161 0.015010 0.013976
0 0.549552 0.175794 0.020704 0.010481
0 0.604420 0.215196 0.021736 0.013973
0 0.635724 0.234993 0.008816 0.019410
0 0.640131 0.248774 0.009315 0.014363
0 0.668082 0.245474 0.013459 0.013973
0 0.699654 0.273423 0.009315 0.019410
0 0.398770 0.401338 0.026865 0.003916
