0 0.484613 0.445727 0.020384 0.015000
0 0.457371 0.431369 0.027242 0.009430
0 0.425835 0.430296 0.009924 0.027577
0 0.411556 0.417723 0.016002 0.018715
0 0.376410 0.425367 0.013145 0.023145
0 0.371741 0.424010 0.029719 0.021290
0 0.350407 0.448719 0.033909 0.033018
0 0.358120 0.450227 0.015050 0.035434
0 0.320403 0.425368 0.016574 0.020002
0 0.275531 0.435869 0.013733 0.010429
0 0.496986 0.467873 0.022688 0.018430
0 0.512606 0.480153 0.023069 0.009586
0 0.584044 0.496018 0.024213 0.048435
0 0.561194 0.480516 0.020384 0.017431
0 0.590531 0.510942 0.018099 0.013730
0 0.543287 0.508806 0.048578 0.034005
0 0.484613 0.493518 0.059246 0.033147
0 0.472136 0.495520 0.035813 0.039720
0 0.438892 0.470229 0.014286 0.022860
0 0.401174 0.461729 0.028763 0.019573
0 0.328307 0.469730 0.021336 0.014717
0 0.300306 0.469159 0.024765 0.019003
0 0.366219 0.502512 0.058674 0.046592
0 0.321926 0.505162 0.023052 0.022716
0 0.183042 0.490661 0.045549 0.022289
0 0.202292 0.506448 0.027242 0.016429
0 0.120873 0.566378 0.030668 0.019988
0 0.156678 0.570813 0.032212 0.013145
0 0.273548 0.607246 0.022116 0.032289
0 0.415575 0.517950 0.035245 0.022001
0 0.435863 0.525237 0.020192 0.017716
0 0.444342 0.539881 0.024954 0.018433
0 0.478535 0.522521 0.022097 0.006858
0 0.573776 0.542381 0.030119 0.007143
0 0.526255 0.545739 0.093535 0.064435
0 0.517970 0.556241 0.051052 0.017716
0 0.441769 0.551096 0.092963 0.021716
0 0.395942 0.568191 0.021561 0.018256
0 0.470556 0.568092 0.015212 0.019447
0 0.514674 0.576921 0.008204 0.021629
0 0.457260 0.589671 0.019315 0.016768
0 0.403484 0.625936 0.028972 0.011312
0 0.412282 0.613583 0.056885 0.019149
0 0.507174 0.607769 0.020374 0.012701
0 0.539254 0.590852 0.031882 0.019546
0 0.596734 0.580782 0.010850 0.024209
0 0.603018 0.604793 0.022622 0.025796
0 0.570541 0.621561 0.060592 0.016074
0 0.601298 0.623793 0.035585 0.017760
0 0.612148 0.619625 0.031088 0.013988
0 0.618232 0.629840 0.021035 0.012810
0 0.614992 0.583461 0.024871 0.009328
0 0.645417 0.590500 0.054769 0.010330
0 0.642771 0.598140 0.011905 0.019653
0 0.653686 0.616649 0.020241 0.012401
0 0.755119 0.585134 0.038419 0.035015
0 0.757659 0.584121 0.049530 0.010846
0 0.781789 0.592872 0.038737 0.028110
0 0.787426 0.594307 0.021749 0.009050
0 0.778932 0.611505 0.018730 0.014896
0 0.811078 0.586085 0.041118 0.039541
0 0.692493 0.668518 0.052864 0.015598
0 0.709471 0.676854 0.010020 0.017026
0 0.712249 0.664530 0.020972 0.027383
0 0.747103 0.650658 0.010635 0.016074
0 0.690349 0.657685 0.021908 0.018931
0 0.679000 0.686556 0.018892 0.013574
0 0.661298 0.683759 0.024765 0.015836
0 0.639787 0.684294 0.024289 0.010241
0 0.671508 0.730356 0.035661 0.031203
0 0.471371 0.659172 0.023317 0.018517
0 0.489886 0.645112 0.013714 0.020575
0 0.498915 0.636711 0.019888 0.015432
0 0.573897 0.656171 0.017603 0.032748
0 0.604187 0.678116 0.037950 0.085553
0 0.577440 0.720635 0.042520 0.006687
0 0.571496 0.707603 0.025605 0.015598
0 0.538806 0.710692 0.051204 0.030689
0 0.527034 0.709235 0.026290 0.012001
0 0.492287 0.701861 0.013489 0.017830
0 0.586235 0.765985 0.031763 0.021949
0 0.505546 0.754067 0.025377 0.012515
0 0.409304 0.748925 0.024461 0.021431
0 0.378902 0.756039 0.019888 0.034633
0 0.315235 0.745319 0.021032 0.029328
0 0.464919 0.290489 0.032675 0.031057
0 0.682778 0.316249 0.037943 0.011431
0 0.766835 0.381853 0.055562 0.023338
0 0.767788 0.375899 0.040007 0.030002
0 0.775646 0.362148 0.034448 0.013690
0 0.706827 0.364172 0.011432 0.008214
0 0.594115 0.376316 0.020321 0.033217
0 0.545537 0.379887 0.020638 0.024169
0 0.573318 0.419059 0.029527 0.055126
0 0.624119 0.398223 0.007622 0.020836
0 0.618881 0.438348 0.065089 0.048695
0 0.649836 0.470197 0.014924 0.021907
0 0.664602 0.468173 0.024448 0.019288
0 0.674443 0.469900 0.015241 0.024883
0 0.709287 0.453885 0.025241 0.051674
0 0.772551 0.440787 0.022860 0.020717
0 0.825255 0.510440 0.018730 0.008098
0 0.784694 0.512405 0.014765 0.023217
0 0.799618 0.512405 0.029368 0.007741
0 0.736276 0.548005 0.039530 0.021312
0 0.682459 0.548779 0.023654 0.012622
0 0.680157 0.556993 0.016829 0.019526
0 0.181432 0.387649 0.014478 0.012287
0 0.167907 0.359781 0.020192 0.013703
0 0.216103 0.356287 0.012953 0.009003
0 0.258957 0.364503 0.011829 0.010002
0 0.278874 0.365709 0.020003 0.021587
0 0.259633 0.391435 0.023433 0.018430
0 0.350881 0.391292 0.016194 0.014430
0 0.428130 0.400365 0.066677 0.020288
0 0.481280 0.406293 0.014478 0.040146
0 0.479565 0.413366 0.012192 0.026860
0 0.459562 0.411223 0.019051 0.026860
0 0.443656 0.419581 0.024573 0.009856
