0 0.122219 0.419773 0.013664 0.010568
0 0.259932 0.410005 0.037153 0.019216
0 0.550805 0.418497 0.022966 0.011270
0 0.541992 0.413951 0.018575 0.009995
0 0.533032 0.417538 0.012811 0.008326
0 0.512536 0.431631 0.012811 0.006620
0 0.510117 0.423839 0.026187 0.014940
0 0.514813 0.420420 0.021353 0.007686
0 0.516521 0.416899 0.015086 0.012597
0 0.530045 0.426613 0.017649 0.011530
0 0.528619 0.431631 0.023343 0.016868
0 0.515716 0.333147 0.021776 0.019866
0 0.515073 0.334903 0.011958 0.012490
0 0.487953 0.371737 0.029451 0.020806
0 0.465966 0.355880 0.012811 0.014732
0 0.442903 0.349637 0.017090 0.014417
0 0.451235 0.376081 0.032880 0.024931
0 0.424406 0.370347 0.026333 0.015213
0 0.432242 0.384897 0.014220 0.010667
0 0.389177 0.377820 0.016369 0.008274
0 0.364802 0.367277 0.011032 0.013343
0 0.371739 0.369146 0.012811 0.011208
0 0.399674 0.421855 0.016723 0.010942
0 0.420493 0.419048 0.018499 0.011756
0 0.459990 0.420787 0.016369 0.010409
0 0.449137 0.439736 0.017434 0.014144
0 0.466751 0.449878 0.017794 0.010942
0 0.471204 0.441736 0.015291 0.011746
0 0.489704 0.439337 0.029534 0.016014
0 0.547001 0.390626 0.020985 0.012001
0 0.520134 0.393160 0.020625 0.011220
0 0.609972 0.405578 0.020268 0.016811
0 0.556066 0.374079 0.024904 0.015221
0 0.444691 0.420258 0.016366 0.014673
0 0.560873 0.407042 0.014590 0.012810
0 0.732748 0.403973 0.015298 0.012014
0 0.704101 0.438136 0.034874 0.018415
0 0.731807 0.465298 0.012682 0.008968
0 0.474745 0.472635 0.015939 0.010598
0 0.647272 0.492793 0.021131 0.024807
0 0.069482 0.312805 0.013237 0.014410
0 0.089340 0.328018 0.015374 0.009608
0 0.106849 0.327217 0.012811 0.013770
0 0.183284 0.335223 0.020496 0.008006
0 0.087626 0.375735 0.013677 0.010250
0 0.063927 0.388713 0.014957 0.009916
0 0.041300 0.385185 0.009821 0.009928
0 0.524492 0.444121 0.015658 0.007686
0 0.529481 0.452662 0.016501 0.009392
0 0.464714 0.488214 0.035579 0.032232
0 0.471961 0.503894 0.017665 0.014087
0 0.478801 0.512656 0.015942 0.010675
0 0.547836 0.441985 0.021921 0.010677
0 0.552675 0.453622 0.013380 0.017721
0 0.562639 0.452020 0.013380 0.008539
0 0.583995 0.455962 0.018519 0.009196
0 0.565202 0.458425 0.018505 0.008115
0 0.604638 0.470062 0.018204 0.012594
0 0.591250 0.473904 0.021065 0.015585
0 0.609041 0.492267 0.025906 0.014732
0 0.573031 0.474012 0.011386 0.013663
0 0.561693 0.468100 0.014583 0.011161
0 0.547556 0.472006 0.016667 0.010045
0 0.510804 0.471114 0.012798 0.011384
0 0.315043 0.611156 0.016131 0.008591
0 0.523107 0.474834 0.011458 0.010947
0 0.534044 0.469561 0.014583 0.012882
0 0.531438 0.478344 0.014583 0.011719
0 0.554603 0.483414 0.011548 0.010642
0 0.559719 0.493932 0.015179 0.020295
0 0.516164 0.494056 0.014517 0.010642
0 0.532991 0.492077 0.028376 0.019055
0 0.538105 0.499991 0.014187 0.010632
0 0.442579 0.536251 0.015179 0.009898
0 0.520618 0.502099 0.012209 0.012870
0 0.494878 0.511875 0.028710 0.018065
0 0.455450 0.544664 0.024418 0.012870
0 0.405625 0.516205 0.021118 0.006930
0 0.420309 0.530063 0.019468 0.014849
0 0.428391 0.523754 0.025737 0.021530
0 0.444390 0.527956 0.026081 0.023006
0 0.442910 0.523752 0.009239 0.013115
0 0.251023 0.553121 0.010711 0.013584
0 0.097321 0.554578 0.012037 0.010694
0 0.117760 0.619892 0.011809 0.011337
0 0.087652 0.581812 0.014405 0.009209
0 0.095916 0.629456 0.017712 0.010627
0 0.205018 0.600941 0.010625 0.007438
0 0.178104 0.612369 0.018641 0.008318
0 0.240086 0.606432 0.008029 0.014169
0 0.459821 0.575769 0.037500 0.027133
0 0.504284 0.585126 0.019798 0.015094
0 0.454129 0.581910 0.019798 0.015590
0 0.548165 0.510379 0.009888 0.013616
0 0.544540 0.506925 0.011217 0.012128
0 0.506429 0.506677 0.014848 0.013611
0 0.490921 0.522764 0.014190 0.012622
0 0.562194 0.549490 0.012867 0.011138
0 0.551139 0.551846 0.017821 0.014859
0 0.612016 0.557654 0.022774 0.012133
0 0.653429 0.557657 0.021779 0.015097
0 0.749464 0.557824 0.021415 0.009794
0 0.754818 0.627524 0.020020 0.012240
0 0.514907 0.510665 0.017235 0.016771
0 0.513046 0.518524 0.013512 0.008735
0 0.527953 0.525164 0.009782 0.019216
0 0.521663 0.522718 0.012110 0.013626
0 0.508153 0.533198 0.018634 0.017121
0 0.507688 0.533198 0.012110 0.010131
0 0.519101 0.537915 0.017235 0.013276
0 0.520964 0.529880 0.016306 0.017468
0 0.644411 0.681334 0.009782 0.013626
0 0.589441 0.535295 0.011647 0.013626
0 0.595031 0.541758 0.020030 0.011181
0 0.630901 0.722211 0.012576 0.010831
0 0.356524 0.468041 0.024689 0.009782
0 0.349074 0.468044 0.011640 0.013966
0 0.301558 0.498087 0.017235 0.013976
0 0.237736 0.527259 0.027483 0.007336
0 0.171123 0.558353 0.016306 0.008735
0 0.173909 0.576166 0.012566 0.017113
0 0.255445 0.457732 0.030268 0.013628
0 0.203266 0.454763 0.019097 0.008385
0 0.152025 0.496339 0.020962 0.016071
0 0.208156 0.488828 0.012113 0.012230
0 0.213980 0.489003 0.011644 0.010481
0 0.157846 0.450926 0.013046 0.011193
0 0.082148 0.457385 0.015374 0.012230
0 0.116387 0.488480 0.018634 0.008036
0 0.627693 0.540216 0.013853 0.008408
0 0.576819 0.516076 0.021164 0.045278
0 0.577331 0.503327 0.017235 0.017468
0 0.582454 0.517476 0.024689 0.014323
0 0.567781 0.529880 0.012110 0.013276
0 0.561027 0.532850 0.015374 0.009435
0 0.363978 0.538265 0.018168 0.009085
0 0.544024 0.525337 0.014907 0.010481
0 0.547750 0.528482 0.012113 0.009782
0 0.397052 0.606742 0.013509 0.007686
0 0.552872 0.593291 0.013039 0.012227
0 0.630435 0.609537 0.020962 0.018867
0 0.606678 0.601502 0.012576 0.007686
0 0.594560 0.596435 0.014451 0.009437
0 0.139451 0.510844 0.020040 0.012240
0 0.112897 0.497210 0.011640 0.012922
0 0.116154 0.500882 0.009782 0.009085
0 0.126868 0.503857 0.015377 0.010144
0 0.119415 0.534421 0.017235 0.009085
0 0.101252 0.521838 0.010704 0.011880
0 0.119416 0.559227 0.012576 0.009784
0 0.462123 0.265887 0.011104 0.011530
0 0.417497 0.288790 0.014954 0.009921
0 0.435222 0.305439 0.019643 0.008646
0 0.623747 0.323371 0.014940 0.009936
0 0.160018 0.410485 0.022616 0.024660
0 0.285767 0.403600 0.013664 0.012810
