0 0.326101 0.304297 0.013671 0.011669
0 0.238352 0.183476 0.014401 0.016163
0 0.260772 0.183874 0.030916 0.021141
0 0.260392 0.183470 0.016756 0.010967
0 0.209139 0.190161 0.012391 0.018765
0 0.221648 0.191653 0.016095 0.022840
0 0.241457 0.148553 0.015122 0.010588
0 0.240838 0.171308 0.013363 0.012259
0 0.396329 0.380083 0.018188 0.014234
0 0.429365 0.335558 0.013452 0.011870
0 0.542674 0.319244 0.012801 0.013686
0 0.497359 0.306725 0.012622 0.010771
0 0.402192 0.609066 0.015628 0.023043
0 0.416776 0.606528 0.021872 0.017966
0 0.522510 0.612970 0.021872 0.009769
0 0.133924 0.232982 0.014626 0.015409
0 0.161675 0.241395 0.012034 0.019482
0 0.163927 0.273893 0.018905 0.014353
0 0.195094 0.223596 0.015116 0.010804
0 0.462335 0.268700 0.022090 0.016419
0 0.544717 0.272369 0.014944 0.010774
0 0.583342 0.301627 0.009507 0.012232
0 0.452813 0.277755 0.010479 0.012227
0 0.456500 0.290056 0.012424 0.009754
0 0.459413 0.285543 0.015916 0.010625
0 0.418358 0.276813 0.014560 0.008289
0 0.410880 0.293765 0.014749 0.010198
0 0.409145 0.304756 0.012801 0.012091
0 0.401186 0.306793 0.012027 0.009469
0 0.371103 0.318733 0.012821 0.010630
0 0.481447 0.282856 0.012239 0.006684
0 0.246326 0.230304 0.016614 0.011416
0 0.204788 0.256140 0.016614 0.009601
0 0.282672 0.180202 0.013155 0.015578
0 0.292186 0.165408 0.016951 0.009338
0 0.296860 0.174102 0.022159 0.018433
0 0.368861 0.172543 0.010387 0.009606
0 0.575370 0.619612 0.013022 0.011327
0 0.378232 0.483893 0.016683 0.009700
0 0.381159 0.490309 0.023370 0.009387
0 0.343601 0.490153 0.011687 0.010955
0 0.353199 0.489995 0.036723 0.015650
0 0.399102 0.505801 0.024203 0.019092
0 0.427063 0.498444 0.016693 0.015017
0 0.449592 0.501894 0.014177 0.015642
0 0.480483 0.517850 0.024193 0.013775
0 0.529306 0.495474 0.019193 0.012227
0 0.538277 0.518631 0.016303 0.017222
0 0.598785 0.516448 0.021280 0.011567
0 0.520327 0.539443 0.022110 0.011277
0 0.534519 0.532406 0.032133 0.012832
0 0.638853 0.590903 0.016263 0.015625
0 0.309797 0.534903 0.015030 0.012217
0 0.629244 0.616910 0.013780 0.018467
0 0.601915 0.588898 0.016693 0.013772
0 0.524621 0.551989 0.024911 0.007133
0 0.528472 0.558274 0.019021 0.012907
0 0.499939 0.577295 0.029891 0.012230
0 0.488528 0.300972 0.008538 0.010923
0 0.485422 0.305856 0.006987 0.007287
0 0.464947 0.308395 0.015741 0.013269
0 0.431948 0.315531 0.018439 0.015575
0 0.360332 0.389319 0.016240 0.012170
0 0.363940 0.377898 0.020341 0.009467
0 0.341644 0.375286 0.011858 0.013916
0 0.347574 0.380120 0.013912 0.011208
0 0.482192 0.374516 0.018287 0.011979
0 0.455914 0.338090 0.024474 0.018745
0 0.518056 0.578658 0.013558 0.014261
0 0.473897 0.558953 0.032153 0.020382
0 0.577164 0.602604 0.015837 0.022073
0 0.547725 0.585105 0.033981 0.016987
0 0.550890 0.592411 0.035780 0.011210
0 0.475375 0.302223 0.019150 0.006987
0 0.485210 0.288927 0.011386 0.005241
0 0.474600 0.299700 0.023294 0.027951
0 0.700117 0.586637 0.024454 0.020040
0 0.675632 0.483077 0.024339 0.019085
0 0.532955 0.353175 0.013191 0.009509
0 0.598563 0.360842 0.015526 0.015528
0 0.589115 0.367443 0.018376 0.012416
0 0.612535 0.330177 0.030030 0.013579
0 0.678150 0.383643 0.019395 0.012624
0 0.428535 0.305620 0.017599 0.016498
0 0.724750 0.533648 0.015043 0.012569
0 0.678986 0.561210 0.020665 0.015278
0 0.738218 0.504551 0.031528 0.025471
0 0.684145 0.517181 0.019018 0.012438
0 0.658872 0.506383 0.028261 0.014878
0 0.648547 0.507402 0.046194 0.015692
0 0.676672 0.506892 0.014944 0.022009
0 0.683328 0.495785 0.017391 0.015285
0 0.343781 0.336390 0.014745 0.010082
0 0.383633 0.340554 0.011644 0.006803
0 0.397874 0.339768 0.020456 0.011481
0 0.394764 0.344544 0.019931 0.011657
0 0.792836 0.514642 0.013052 0.008549
0 0.798408 0.512598 0.023092 0.022418
0 0.451182 0.383748 0.017345 0.011642
0 0.488575 0.394031 0.021224 0.010092
0 0.472705 0.171116 0.013849 0.008309
0 0.400704 0.198374 0.010384 0.012463
0 0.355362 0.165794 0.011769 0.010645
0 0.347579 0.164627 0.016257 0.010384
0 0.386341 0.210454 0.016267 0.010640
0 0.362803 0.203573 0.010036 0.011952
0 0.263985 0.263930 0.022163 0.023098
0 0.461285 0.233425 0.013839 0.010898
0 0.346022 0.174102 0.013142 0.007530
0 0.338403 0.180464 0.013843 0.009340
0 0.318328 0.189157 0.012450 0.008571
0 0.325942 0.195909 0.009689 0.015836
0 0.315557 0.218104 0.020069 0.013500
0 0.414897 0.229139 0.016634 0.013239
0 0.578456 0.213557 0.015575 0.013770
0 0.349304 0.199283 0.007960 0.009603
0 0.352910 0.130110 0.010714 0.014536
0 0.369613 0.135180 0.012493 0.008604
0 0.364005 0.138239 0.016561 0.011657
0 0.364914 0.140585 0.018948 0.009975
0 0.616898 0.476523 0.023082 0.011825
0 0.606156 0.486615 0.014130 0.011210
0 0.589859 0.482335 0.019005 0.010801
0 0.641068 0.446771 0.011700 0.014673
0 0.570286 0.480703 0.017391 0.010801
0 0.570757 0.489535 0.014511 0.011441
0 0.201930 0.372556 0.015122 0.012031
0 0.234917 0.387174 0.013287 0.009020
0 0.247569 0.396942 0.014583 0.019807
0 0.277088 0.405146 0.015665 0.011880
0 0.258960 0.389361 0.010751 0.009566
0 0.259602 0.376177 0.019686 0.008604
0 0.265248 0.387517 0.030245 0.017902
0 0.562394 0.601680 0.020470 0.027130
0 0.549079 0.602946 0.031954 0.023800
0 0.319626 0.419565 0.009292 0.013385
0 0.332568 0.422976 0.020579 0.008204
0 0.344597 0.424276 0.009292 0.015169
0 0.564496 0.691706 0.018509 0.015794
0 0.533656 0.700534 0.017378 0.009452
0 0.539117 0.706628 0.015423 0.011987
0 0.351976 0.433569 0.012027 0.007788
0 0.375479 0.454824 0.014187 0.010392
0 0.220787 0.455295 0.017487 0.009449
0 0.257685 0.471696 0.040635 0.018442
0 0.639220 0.395031 0.018783 0.016848
0 0.527629 0.421014 0.020470 0.012416
0 0.517946 0.433321 0.019630 0.008834
0 0.402353 0.421339 0.011849 0.012024
0 0.289069 0.226801 0.010744 0.009087
0 0.282305 0.212578 0.015880 0.009715
0 0.286334 0.217307 0.010268 0.007103
0 0.345825 0.211461 0.012827 0.008140
0 0.338819 0.211018 0.009471 0.011396
0 0.377204 0.219009 0.009282 0.019978
0 0.368872 0.228150 0.011310 0.010268
0 0.368431 0.229266 0.018740 0.010714
0 0.421703 0.233284 0.015761 0.013393
0 0.346556 0.234735 0.009514 0.014062
0 0.338223 0.242212 0.010704 0.015179
0 0.336437 0.230159 0.012510 0.012946
0 0.330210 0.477228 0.019481 0.009566
0 0.485762 0.450747 0.017431 0.013348
0 0.489148 0.456487 0.015658 0.010409
0 0.805165 0.373343 0.007817 0.013353
0 0.217244 0.502991 0.015109 0.011339
0 0.306976 0.488500 0.020764 0.009439
0 0.334307 0.506750 0.033899 0.023222
0 0.350972 0.508248 0.016574 0.013668
0 0.358900 0.508455 0.025142 0.011344
0 0.279889 0.253596 0.009514 0.011161
0 0.325575 0.231799 0.009735 0.006585
0 0.319459 0.237094 0.011273 0.008301
0 0.316318 0.231513 0.012212 0.011166
0 0.305724 0.232729 0.012024 0.007875
0 0.303485 0.239818 0.019339 0.012458
0 0.326405 0.255036 0.014716 0.012304
0 0.321038 0.265208 0.010728 0.012773
0 0.320094 0.274433 0.010513 0.010409
0 0.412459 0.424592 0.011743 0.012279
0 0.422429 0.431261 0.015294 0.009601
0 0.194147 0.552439 0.020106 0.011625
0 0.297138 0.560900 0.012497 0.013452
0 0.249722 0.594730 0.031786 0.014658
0 0.245787 0.613984 0.044550 0.031193
0 0.287354 0.611443 0.013042 0.009375
0 0.366839 0.588516 0.012771 0.013653
0 0.286772 0.277429 0.022487 0.005677
0 0.278571 0.282877 0.023347 0.016885
0 0.302641 0.266391 0.011776 0.008517
0 0.325658 0.625565 0.013393 0.010918
0 0.423135 0.448880 0.016726 0.012810
0 0.348742 0.649968 0.013621 0.009658
0 0.362553 0.606534 0.017037 0.018177
0 0.429547 0.531031 0.020060 0.007949
0 0.460205 0.531172 0.017030 0.015047
0 0.399456 0.544797 0.014382 0.008800
0 0.488745 0.564805 0.032027 0.015285
0 0.508963 0.566019 0.031055 0.010918
0 0.485357 0.406617 0.013571 0.007034
0 0.446369 0.414865 0.015205 0.012374
0 0.434883 0.409407 0.012940 0.011161
0 0.430033 0.404675 0.014881 0.010918
0 0.379974 0.642946 0.020794 0.009256
0 0.463707 0.654312 0.017626 0.018792
0 0.581844 0.645991 0.041597 0.024323
0 0.473940 0.601031 0.019745 0.015866
0 0.828606 0.311916 0.013694 0.017929
0 0.795354 0.300890 0.016435 0.010461
0 0.438153 0.621261 0.032093 0.014546
0 0.520661 0.631708 0.019392 0.015340
0 0.572212 0.442581 0.023922 0.015221
0 0.497789 0.491086 0.014190 0.012520
0 0.485688 0.490148 0.016693 0.013981
0 0.458955 0.580799 0.029974 0.011900
0 0.382611 0.535313 0.014805 0.012956
0 0.414175 0.559384 0.013052 0.014005
0 0.415759 0.571147 0.016220 0.012165
0 0.352578 0.266234 0.016604 0.009462
0 0.361004 0.269839 0.009884 0.006151
0 0.260279 0.308792 0.011981 0.009301
0 0.296976 0.254936 0.013456 0.012932
0 0.287720 0.263686 0.019335 0.019087
0 0.295919 0.261006 0.013466 0.010250
0 0.383507 0.296022 0.014501 0.012133
0 0.373975 0.269363 0.017063 0.016255
0 0.382877 0.266674 0.009180 0.007307
0 0.386364 0.268127 0.012854 0.015967
0 0.381862 0.259451 0.015245 0.008534
0 0.373695 0.256074 0.012854 0.009226
0 0.371488 0.246503 0.022765 0.010466
0 0.364329 0.253733 0.014689 0.014459
0 0.363871 0.247122 0.017444 0.009501
0 0.224697 0.313028 0.025255 0.009663
0 0.248274 0.311680 0.020357 0.020087
0 0.310756 0.348197 0.009276 0.009663
0 0.433664 0.581718 0.018783 0.008177
0 0.417727 0.587276 0.013099 0.010166
0 0.406591 0.590884 0.013538 0.015394
0 0.394901 0.618637 0.013545 0.007810
0 0.410534 0.620196 0.013528 0.011721
0 0.240947 0.361043 0.020585 0.011024
0 0.293335 0.324719 0.010883 0.010102
0 0.254451 0.351440 0.011865 0.014239
0 0.279478 0.362639 0.018810 0.008760
0 0.309557 0.338748 0.019974 0.013209
0 0.290868 0.349136 0.022146 0.014988
0 0.276410 0.344826 0.014263 0.014702
0 0.277217 0.334598 0.017397 0.021825
0 0.313905 0.369463 0.010086 0.007875
0 0.319554 0.318787 0.015430 0.009797
0 0.321040 0.325615 0.016022 0.007421
0 0.321338 0.352695 0.010301 0.007572
0 0.356754 0.357378 0.014236 0.010094
