0 0.235726 0.423342 0.021564 0.029169
0 0.592464 0.412856 0.046038 0.008931
0 0.577464 0.422918 0.046832 0.019526
0 0.576668 0.437382 0.030321 0.017264
0 0.598656 0.458813 0.008575 0.019645
0 0.596989 0.462148 0.039210 0.010357
0 0.733117 0.445955 0.021908 0.037505
0 0.783684 0.496736 0.032235 0.009286
0 0.785504 0.514237 0.018733 0.014288
0 0.745976 0.489652 0.020635 0.024169
0 0.663027 0.473280 0.025876 0.014764
0 0.625088 0.485961 0.009051 0.012502
0 0.605322 0.484644 0.025400 0.009179
0 0.578097 0.482150 0.024606 0.009167
0 0.659378 0.484056 0.054769 0.024407
0 0.610322 0.420417 0.024289 0.028576
0 0.626119 0.499950 0.082232 0.027148
0 0.649615 0.504475 0.046035 0.024288
0 0.652393 0.502688 0.027464 0.003810
0 0.614611 0.512571 0.028733 0.006193
0 0.599926 0.511142 0.009527 0.023574
0 0.592622 0.516917 0.008889 0.008690
0 0.690570 0.494950 0.021908 0.032386
0 0.689461 0.521561 0.017143 0.018693
0 0.702875 0.519000 0.023019 0.014524
0 0.697717 0.531561 0.019368 0.035360
0 0.722956 0.521203 0.041276 0.004405
0 0.717956 0.528579 0.016032 0.015134
0 0.716129 0.535192 0.029845 0.027145
0 0.681364 0.559660 0.044130 0.022505
0 0.683110 0.577519 0.018733 0.020360
0 0.649773 0.543646 0.015241 0.009524
0 0.629294 0.524596 0.023813 0.008571
0 0.648424 0.552516 0.023337 0.012979
0 0.594053 0.548349 0.014924 0.015122
0 0.637389 0.563886 0.027940 0.004762
0 0.651758 0.579246 0.008733 0.024529
0 0.644296 0.579722 0.008730 0.030957
0 0.633421 0.578413 0.016829 0.005000
0 0.613578 0.586687 0.022222 0.007976
0 0.555873 0.574185 0.011270 0.021312
0 0.558492 0.577757 0.023492 0.025598
0 0.531108 0.570197 0.019206 0.018336
0 0.540078 0.578829 0.025718 0.011310
0 0.519836 0.591807 0.012226 0.010598
0 0.553570 0.582343 0.028892 0.023574
0 0.524679 0.578889 0.010476 0.009286
0 0.591354 0.602879 0.017781 0.025600
0 0.616754 0.611452 0.031114 0.011074
0 0.607624 0.619906 0.035400 0.012738
0 0.618977 0.616507 0.022860 0.014774
0 0.629850 0.630502 0.030321 0.032502
0 0.633024 0.629669 0.019210 0.008693
0 0.643583 0.631514 0.028257 0.010717
0 0.605398 0.617152 0.013092 0.007924
0 0.562229 0.601716 0.005205 0.019638
0 0.543433 0.603612 0.010794 0.016307
0 0.540446 0.613315 0.012480 0.012746
0 0.535780 0.617047 0.024431 0.002984
0 0.527821 0.610358 0.023194 0.017626
0 0.551361 0.607057 0.028793 0.011714
0 0.577348 0.597841 0.033148 0.014184
0 0.559435 0.604903 0.040040 0.031409
0 0.572103 0.607775 0.050833 0.004787
0 0.547145 0.625861 0.027867 0.005685
0 0.551281 0.630253 0.016690 0.009762
0 0.547682 0.635651 0.032156 0.026525
0 0.540521 0.654079 0.026491 0.009759
0 0.568467 0.653508 0.010949 0.018490
0 0.360435 0.193743 0.013495 0.031602
0 0.421812 0.235640 0.025013 0.015377
0 0.438745 0.223387 0.025810 0.007344
0 0.421025 0.212620 0.050933 0.020935
0 0.439671 0.232464 0.018138 0.013792
0 0.458861 0.221054 0.046696 0.040779
0 0.467128 0.212076 0.012173 0.027981
0 0.474001 0.204237 0.009802 0.025796
0 0.502450 0.192629 0.017725 0.014683
0 0.499863 0.194812 0.028720 0.005357
0 0.504560 0.186819 0.045258 0.025707
0 0.486774 0.185133 0.019448 0.024516
0 0.476124 0.176109 0.065880 0.010417
0 0.464940 0.166980 0.055179 0.022721
0 0.563165 0.217532 0.064835 0.041275
0 0.350818 0.253976 0.011247 0.029568
0 0.308418 0.231254 0.035982 0.020042
0 0.280570 0.248369 0.033469 0.017760
0 0.257751 0.276548 0.022487 0.010615
0 0.261720 0.308694 0.013757 0.015578
0 0.352009 0.316285 0.013628 0.009921
0 0.337854 0.333450 0.012037 0.008333
0 0.194516 0.414609 0.005559 0.018653
0 0.199939 0.428749 0.018522 0.015578
0 0.223092 0.411187 0.005556 0.019546
0 0.623262 0.435479 0.031114 0.010595
0 0.216014 0.444823 0.035056 0.029070
0 0.275544 0.447600 0.012834 0.010022
0 0.278388 0.456381 0.030691 0.023616
0 0.300622 0.460792 0.023267 0.004075
0 0.234271 0.484411 0.026062 0.015379
0 0.256627 0.525289 0.011508 0.006451
0 0.229704 0.523702 0.026458 0.032046
0 0.200007 0.532581 0.012037 0.028375
0 0.207745 0.537294 0.006614 0.018948
0 0.216014 0.537741 0.038495 0.034727
0 0.222164 0.552624 0.016935 0.009325
0 0.231624 0.548853 0.030562 0.024010
0 0.222297 0.562247 0.025929 0.007738
0 0.271245 0.525636 0.020903 0.027185
0 0.277727 0.540569 0.012702 0.059234
0 0.281366 0.526628 0.009392 0.007344
0 0.310997 0.525785 0.076862 0.026887
0 0.324889 0.537393 0.024474 0.011210
0 0.301605 0.501824 0.030030 0.020241
0 0.325088 0.558874 0.024606 0.015873
0 0.272502 0.597173 0.004897 0.016071
0 0.312784 0.631651 0.014815 0.014586
0 0.335208 0.574154 0.039557 0.007143
0 0.344666 0.587598 0.014286 0.020141
0 0.344997 0.595784 0.017328 0.011706
0 0.331966 0.594246 0.019580 0.003075
0 0.357697 0.605557 0.019977 0.009229
0 0.375756 0.584025 0.030956 0.004464
0 0.393019 0.602878 0.023413 0.012403
0 0.373838 0.564679 0.026062 0.012006
0 0.373439 0.557336 0.010714 0.013988
0 0.375293 0.557535 0.030559 0.028279
0 0.364906 0.539030 0.023813 0.005159
0 0.417493 0.553516 0.011243 0.012899
0 0.403471 0.541262 0.020771 0.008433
0 0.349496 0.502618 0.021829 0.016471
0 0.354588 0.512340 0.012966 0.023415
0 0.392025 0.512788 0.026458 0.007837
0 0.415375 0.506140 0.026326 0.002879
0 0.399897 0.499045 0.039028 0.009722
0 0.396326 0.482078 0.061779 0.008730
0 0.353993 0.443879 0.019977 0.036513
0 0.393480 0.458762 0.026458 0.009127
0 0.396657 0.456977 0.006614 0.023021
0 0.431186 0.462285 0.041802 0.011808
0 0.648107 0.427085 0.036353 0.013098
0 0.657077 0.455242 0.006667 0.015122
0 0.661996 0.446372 0.032702 0.006190
0 0.631438 0.413511 0.059213 0.059055
0 0.630167 0.405713 0.028733 0.008931
0 0.596116 0.379340 0.028257 0.021910
0 0.671918 0.420536 0.055721 0.067153
0 0.692001 0.412315 0.020317 0.004060
0 0.689142 0.415177 0.026987 0.020002
0 0.672315 0.392972 0.008889 0.028455
0 0.745896 0.400290 0.021746 0.020253
0 0.748993 0.388264 0.027940 0.009062
0 0.727401 0.378917 0.010476 0.016560
0 0.701526 0.373263 0.070169 0.011917
0 0.704304 0.365887 0.066835 0.023098
0 0.729307 0.364750 0.020638 0.017277
0 0.738355 0.362016 0.022226 0.008929
0 0.764707 0.299926 0.010479 0.014286
0 0.749944 0.308260 0.010159 0.018574
0 0.718988 0.347307 0.043816 0.024539
0 0.671523 0.344931 0.028575 0.006667
0 0.668267 0.342670 0.009365 0.018574
0 0.666997 0.329334 0.025238 0.005479
0 0.646837 0.326536 0.023972 0.012741
0 0.629135 0.314095 0.020003 0.007619
0 0.661442 0.312486 0.016349 0.016312
0 0.690890 0.268910 0.009841 0.017741
0 0.633343 0.295639 0.011270 0.019050
0 0.626913 0.292424 0.027305 0.027383
0 0.619056 0.302004 0.022702 0.015610
0 0.535949 0.350223 0.014921 0.018229
0 0.557857 0.349337 0.018095 0.009526
0 0.557222 0.337728 0.020952 0.009167
0 0.542062 0.344091 0.043654 0.006203
0 0.525314 0.333978 0.008571 0.033576
0 0.542141 0.339277 0.010479 0.019169
0 0.531505 0.327965 0.019048 0.020836
0 0.554602 0.311832 0.023019 0.020717
0 0.588099 0.281293 0.074134 0.020598
0 0.596116 0.284567 0.027940 0.015241
0 0.560159 0.274208 0.010000 0.014288
0 0.456981 0.268193 0.099220 0.023217
0 0.426688 0.259017 0.016935 0.020141
0 0.456453 0.280497 0.037040 0.026590
0 0.456647 0.290567 0.005423 0.020538
0 0.484764 0.289922 0.018522 0.014288
0 0.454469 0.307930 0.021432 0.007641
0 0.429003 0.314479 0.016009 0.014385
0 0.397054 0.301631 0.011905 0.016471
0 0.502093 0.314182 0.027784 0.005060
0 0.494152 0.334075 0.006888 0.037902
0 0.482118 0.332438 0.026987 0.034628
0 0.492436 0.330552 0.034130 0.020935
0 0.466571 0.335413 0.005959 0.020737
0 0.459694 0.351487 0.015215 0.018157
0 0.472328 0.348064 0.050800 0.006352
0 0.552098 0.402883 0.025400 0.011610
0 0.545154 0.387305 0.018125 0.020340
0 0.523457 0.393904 0.032146 0.007341
0 0.498917 0.390083 0.024871 0.013395
0 0.493361 0.375995 0.031749 0.051295
0 0.467500 0.394845 0.004894 0.018554
0 0.457776 0.382345 0.017728 0.027086
0 0.415509 0.346775 0.008333 0.025002
0 0.403603 0.356548 0.010453 0.012996
0 0.394144 0.353224 0.034927 0.009524
0 0.414782 0.368206 0.009788 0.019447
0 0.421792 0.390281 0.012963 0.021530
0 0.409092 0.388744 0.021696 0.011312
0 0.538672 0.425455 0.017331 0.021233
0 0.523523 0.432152 0.016935 0.020141
0 0.518697 0.441479 0.006217 0.020737
0 0.475304 0.401742 0.005952 0.018455
0 0.469152 0.418361 0.021961 0.026691
0 0.448449 0.415285 0.048022 0.007044
0 0.423249 0.415632 0.026194 0.018056
0 0.432574 0.420192 0.042199 0.014690
0 0.462273 0.424661 0.012702 0.010717
0 0.450564 0.440233 0.018390 0.017649
0 0.450632 0.447481 0.042599 0.020042
0 0.496935 0.452194 0.016138 0.016372
0 0.460951 0.454725 0.055036 0.026195
0 0.442761 0.456064 0.039557 0.013790
0 0.489129 0.477495 0.012702 0.014782
0 0.464458 0.478140 0.058340 0.035918
0 0.461149 0.484193 0.012305 0.022225
0 0.519026 0.502697 0.014289 0.027879
0 0.530860 0.498132 0.017870 0.019147
0 0.481258 0.505921 0.034263 0.010122
0 0.456586 0.534050 0.020903 0.012004
0 0.465382 0.538862 0.025797 0.008532
0 0.456057 0.536233 0.039421 0.026691
0 0.511481 0.562476 0.015357 0.021034
0 0.475967 0.553447 0.028178 0.006944
0 0.487674 0.564014 0.015612 0.009427
0 0.495479 0.579789 0.008466 0.010020
0 0.487409 0.578946 0.011114 0.017063
0 0.457842 0.570513 0.062047 0.042465
0 0.439254 0.619427 0.021432 0.012500
0 0.454600 0.611390 0.010847 0.007939
0 0.446333 0.627018 0.021296 0.014189
0 0.445341 0.614814 0.016667 0.036017
0 0.453542 0.602758 0.047097 0.007143
0 0.482912 0.601369 0.015612 0.012698
0 0.465911 0.594226 0.012040 0.011508
0 0.419277 0.607422 0.026194 0.009129
0 0.423049 0.596954 0.013889 0.014187
0 0.411672 0.591497 0.019448 0.016768
0 0.421925 0.636394 0.005026 0.028775
0 0.434955 0.638725 0.040612 0.013393
0 0.353464 0.388367 0.078978 0.007443
0 0.365767 0.395461 0.021825 0.008135
0 0.378666 0.387772 0.013231 0.016173
0 0.336199 0.399678 0.027252 0.007242
0 0.280174 0.391245 0.020506 0.034033
0 0.277065 0.400671 0.014289 0.015975
0 0.285466 0.385539 0.020503 0.021431
0 0.273891 0.385440 0.025400 0.007145
0 0.274287 0.389458 0.023813 0.026689
