0 0.285400 0.530698 0.013783 0.008931
0 0.293778 0.545787 0.043323 0.008514
0 0.217078 0.531713 0.016994 0.035627
0 0.193699 0.533021 0.024620 0.014117
0 0.202976 0.533886 0.013413 0.023428
0 0.221260 0.542189 0.028479 0.007374
0 0.216435 0.545635 0.021587 0.022530
0 0.175828 0.563171 0.013872 0.014194
0 0.375689 0.534049 0.023548 0.026491
0 0.348504 0.545758 0.023151 0.013197
0 0.344005 0.511328 0.035324 0.029268
0 0.348171 0.517381 0.049213 0.018948
0 0.181000 0.509655 0.029878 0.019266
0 0.265501 0.482163 0.012126 0.009757
0 0.257510 0.471497 0.017308 0.013559
0 0.180835 0.488364 0.011683 0.010087
0 0.170582 0.478485 0.014114 0.010997
0 0.146219 0.463022 0.024474 0.017612
0 0.178300 0.461989 0.022269 0.014221
0 0.195276 0.455830 0.019845 0.014139
0 0.209552 0.444998 0.024805 0.019266
0 0.224049 0.451943 0.018740 0.008683
0 0.240642 0.446280 0.031858 0.013065
0 0.262690 0.444420 0.015103 0.015461
0 0.112335 0.385437 0.046687 0.013214
0 0.364800 0.421556 0.007999 0.037001
0 0.355985 0.403917 0.020304 0.009303
0 0.368938 0.402953 0.023796 0.014814
0 0.343072 0.399441 0.020251 0.016868
0 0.304707 0.412289 0.018403 0.030064
0 0.291420 0.396066 0.020109 0.014286
0 0.290288 0.373692 0.035073 0.020141
0 0.290031 0.379447 0.027384 0.013393
0 0.281101 0.373146 0.015873 0.021828
0 0.250607 0.375479 0.014157 0.016369
0 0.235726 0.341050 0.076200 0.051892
0 0.228912 0.350425 0.041673 0.026788
0 0.173409 0.326068 0.009802 0.024110
0 0.195038 0.269315 0.012054 0.033437
0 0.238199 0.321182 0.027133 0.024804
0 0.270170 0.348590 0.019633 0.005042
0 0.352141 0.378356 0.021280 0.006533
0 0.328108 0.369178 0.004742 0.019596
0 0.345190 0.353883 0.043555 0.013147
0 0.350762 0.350781 0.032411 0.008269
0 0.343978 0.349459 0.017983 0.011245
0 0.309858 0.358595 0.017427 0.013311
0 0.313886 0.350946 0.015324 0.024804
0 0.320997 0.342844 0.022490 0.015875
0 0.327998 0.334038 0.006948 0.025714
0 0.355718 0.337800 0.023161 0.003309
0 0.377161 0.354999 0.022834 0.012403
0 0.390170 0.360290 0.010043 0.017530
0 0.384201 0.337728 0.024765 0.017574
0 0.347340 0.319154 0.016954 0.019573
0 0.339337 0.297008 0.016194 0.019288
0 0.334291 0.268935 0.019051 0.010573
0 0.300380 0.261932 0.018287 0.014573
0 0.362388 0.201926 0.012381 0.018003
0 0.379916 0.290864 0.015050 0.024432
0 0.379724 0.310153 0.023429 0.007001
0 0.394773 0.306367 0.023429 0.010858
0 0.409535 0.313011 0.016002 0.029573
0 0.439540 0.286436 0.044385 0.061865
0 0.456400 0.316225 0.058674 0.074578
0 0.508099 0.377711 0.111918 0.035322
0 0.630461 0.189329 0.094633 0.025479
0 0.575463 0.214927 0.007778 0.015002
0 0.553237 0.261540 0.030007 0.032743
0 0.578796 0.279578 0.090331 0.046434
0 0.596726 0.280293 0.079233 0.043814
0 0.566564 0.293092 0.098598 0.046079
0 0.573241 0.319048 0.044927 0.008214
0 0.664750 0.263147 0.048595 0.015714
0 0.680633 0.249694 0.032384 0.020002
0 0.750597 0.275407 0.027397 0.015774
0 0.666862 0.313854 0.008862 0.014484
0 0.685046 0.316384 0.014828 0.021731
0 0.803894 0.315593 0.011042 0.020719
0 0.727121 0.362101 0.049276 0.052421
0 0.783849 0.382391 0.049722 0.011860
0 0.410521 0.362610 0.028178 0.016372
0 0.421098 0.361370 0.021574 0.014487
0 0.413029 0.401106 0.043274 0.033438
0 0.389816 0.405423 0.026194 0.013098
0 0.385518 0.394260 0.014157 0.015975
0 0.405957 0.381958 0.007146 0.019745
0 0.435987 0.384835 0.014289 0.024506
0 0.442528 0.396443 0.017609 0.021533
0 0.421503 0.400164 0.026326 0.006349
0 0.414820 0.409788 0.016670 0.012701
0 0.446305 0.413955 0.023813 0.015082
0 0.478380 0.398974 0.016283 0.057547
0 0.475807 0.405175 0.039954 0.026491
0 0.420412 0.426811 0.020003 0.004643
0 0.467009 0.453010 0.024891 0.007463
0 0.456868 0.449535 0.020060 0.007636
0 0.446267 0.445029 0.021667 0.006317
0 0.507852 0.458493 0.030936 0.012116
0 0.504220 0.457948 0.050298 0.008614
0 0.475051 0.446550 0.013548 0.020729
0 0.487221 0.454014 0.013866 0.022334
0 0.502533 0.453182 0.016468 0.014583
0 0.498669 0.445976 0.007503 0.015330
0 0.492044 0.438857 0.021058 0.004191
0 0.507206 0.439459 0.017381 0.015734
0 0.520944 0.445889 0.024964 0.019407
0 0.525273 0.440206 0.015387 0.043180
0 0.536182 0.428779 0.025572 0.011138
0 0.534039 0.428952 0.019904 0.013321
0 0.546710 0.438311 0.054127 0.013552
0 0.544757 0.450914 0.015466 0.010161
0 0.535838 0.449508 0.012940 0.010910
0 0.555666 0.457087 0.038204 0.006545
0 0.558381 0.460962 0.038595 0.021761
0 0.560451 0.465986 0.024190 0.023658
0 0.572050 0.470035 0.017381 0.021761
0 0.575031 0.464091 0.005903 0.017225
0 0.580817 0.466187 0.014239 0.008440
0 0.575688 0.455019 0.035522 0.011828
0 0.605311 0.457116 0.030476 0.022564
0 0.589697 0.478963 0.018985 0.020670
0 0.447682 0.370844 0.038763 0.009625
0 0.451716 0.367968 0.042864 0.017959
0 0.486708 0.380718 0.005162 0.019645
0 0.514687 0.412814 0.023548 0.014189
0 0.529635 0.406518 0.027788 0.021835
0 0.518261 0.385133 0.048684 0.022919
0 0.545504 0.410830 0.026207 0.029070
0 0.549737 0.413361 0.019329 0.009127
0 0.589625 0.426804 0.034011 0.011213
0 0.578186 0.418023 0.021167 0.012897
0 0.548024 0.375259 0.032278 0.020439
0 0.532151 0.376054 0.021696 0.010317
0 0.605764 0.382901 0.019722 0.026987
0 0.625349 0.432112 0.017860 0.024209
0 0.634213 0.415146 0.021032 0.012500
0 0.632427 0.409986 0.036250 0.016868
0 0.656569 0.407209 0.033998 0.016669
0 0.661992 0.431665 0.025003 0.017959
0 0.649228 0.438611 0.015347 0.009226
0 0.654651 0.454585 0.019845 0.019348
0 0.669932 0.455776 0.014686 0.015774
0 0.750160 0.418123 0.028059 0.042664
0 0.746594 0.462474 0.012698 0.016074
0 0.643738 0.466541 0.034792 0.007344
0 0.683947 0.494074 0.036128 0.023713
0 0.684081 0.505336 0.010992 0.027185
0 0.543580 0.464917 0.033310 0.010389
0 0.535000 0.466546 0.023406 0.006267
0 0.541093 0.472336 0.027695 0.007034
0 0.526804 0.472215 0.008806 0.006890
0 0.534555 0.484008 0.019970 0.026463
0 0.540329 0.483506 0.024501 0.026704
0 0.550728 0.476450 0.012632 0.008564
0 0.492892 0.471451 0.008747 0.017034
0 0.512283 0.468413 0.042040 0.008373
0 0.504694 0.473652 0.036181 0.008326
0 0.501095 0.475231 0.040192 0.022009
0 0.483132 0.467839 0.012447 0.022919
0 0.477333 0.465130 0.022259 0.009675
0 0.457902 0.462312 0.033429 0.013686
0 0.448904 0.468006 0.031650 0.005551
0 0.432731 0.465110 0.015000 0.014308
0 0.424952 0.470324 0.010909 0.011535
0 0.424884 0.463268 0.034392 0.015216
0 0.403646 0.469208 0.028442 0.007691
0 0.406782 0.450397 0.017540 0.026954
0 0.391465 0.450067 0.023042 0.016701
0 0.377960 0.445518 0.018300 0.009757
0 0.354864 0.462344 0.022381 0.018437
0 0.521275 0.483263 0.018079 0.019596
0 0.516756 0.492028 0.024914 0.018440
0 0.503079 0.488430 0.036832 0.006944
0 0.477725 0.499344 0.022943 0.017860
0 0.479653 0.482602 0.041792 0.009013
0 0.470668 0.489836 0.028234 0.035223
0 0.464226 0.493475 0.015324 0.010913
0 0.504486 0.500991 0.027450 0.011327
0 0.514354 0.507109 0.023151 0.028857
0 0.504871 0.503223 0.013228 0.017279
0 0.537062 0.507728 0.019183 0.008269
0 0.545050 0.493135 0.027024 0.006696
0 0.558499 0.494623 0.008280 0.020258
0 0.583304 0.480857 0.050172 0.010087
0 0.593557 0.487347 0.027900 0.010335
0 0.606731 0.488836 0.033747 0.007691
0 0.591854 0.491937 0.008158 0.035719
0 0.594995 0.504049 0.010473 0.009675
0 0.605137 0.498302 0.026346 0.014387
0 0.611918 0.493879 0.015655 0.009013
0 0.579229 0.498924 0.012017 0.036131
0 0.580658 0.507357 0.008056 0.015627
0 0.573216 0.515914 0.010374 0.019844
0 0.565339 0.509053 0.014223 0.037703
0 0.615385 0.510663 0.016657 0.020588
0 0.624649 0.504504 0.015985 0.029102
0 0.560213 0.526126 0.026458 0.007688
0 0.569248 0.526581 0.026247 0.007607
0 0.534687 0.519965 0.009382 0.021994
0 0.536953 0.521083 0.027999 0.005871
0 0.492194 0.525340 0.040347 0.016538
0 0.485574 0.529846 0.016769 0.009345
0 0.479352 0.528895 0.036931 0.012071
0 0.479013 0.518229 0.040030 0.005789
0 0.459831 0.520627 0.007619 0.025962
0 0.424726 0.487183 0.022930 0.028031
0 0.417503 0.495657 0.019292 0.011905
0 0.417498 0.500825 0.010923 0.020424
0 0.400086 0.505248 0.030979 0.009921
0 0.496873 0.509299 0.043337 0.007443
0 0.528133 0.501528 0.008601 0.013229
0 0.444233 0.509342 0.053591 0.018767
0 0.419874 0.514839 0.021825 0.009757
0 0.444396 0.507109 0.011366 0.029353
0 0.424334 0.523935 0.019964 0.015047
0 0.425382 0.522364 0.012358 0.029102
0 0.438113 0.536131 0.034077 0.012981
0 0.405599 0.526953 0.016865 0.029849
0 0.410283 0.547292 0.016538 0.014469
0 0.476610 0.545482 0.032004 0.017289
0 0.473183 0.550769 0.037722 0.020432
0 0.478421 0.551054 0.033337 0.023576
0 0.487090 0.557555 0.029339 0.012857
0 0.502330 0.556626 0.020956 0.015573
0 0.512712 0.540768 0.010860 0.036719
0 0.523476 0.542195 0.024385 0.021860
0 0.599102 0.532480 0.041147 0.012143
0 0.621582 0.532338 0.021716 0.011575
0 0.542905 0.536838 0.040003 0.010000
0 0.550336 0.534767 0.028575 0.006429
0 0.560718 0.544554 0.024954 0.018001
0 0.565860 0.541338 0.046673 0.010429
0 0.549383 0.547840 0.034289 0.018289
0 0.570623 0.552912 0.013145 0.021860
0 0.566242 0.552197 0.033337 0.017287
0 0.603866 0.558698 0.032388 0.015714
0 0.598628 0.557625 0.010860 0.025861
0 0.575101 0.565626 0.043052 0.025861
0 0.550812 0.556698 0.028767 0.024288
0 0.544430 0.565985 0.025909 0.004573
0 0.545096 0.572986 0.028003 0.007143
0 0.520713 0.580200 0.013905 0.023574
0 0.521951 0.583700 0.028194 0.013145
0 0.509950 0.578486 0.017526 0.022716
0 0.446705 0.574200 0.026670 0.012716
0 0.285316 0.561135 0.016789 0.011605
0 0.614992 0.593477 0.013826 0.016543
0 0.303750 0.600884 0.017447 0.011109
0 0.309511 0.601995 0.016462 0.020737
0 0.330250 0.605082 0.019752 0.010615
0 0.368912 0.595453 0.030648 0.007651
0 0.471797 0.594835 0.019752 0.013331
0 0.441842 0.599402 0.062546 0.014072
0 0.410241 0.600760 0.026336 0.008395
0 0.399542 0.607303 0.028641 0.010122
0 0.376829 0.627548 0.016786 0.027403
0 0.438204 0.621375 0.048750 0.013579
0 0.248800 0.527515 0.014444 0.012817
0 0.476549 0.622240 0.012226 0.015308
0 0.519365 0.617796 0.047070 0.015801
0 0.560992 0.597798 0.044802 0.012837
0 0.579754 0.589650 0.030976 0.015308
0 0.603454 0.593230 0.009249 0.015553
0 0.243178 0.518668 0.009372 0.008681
0 0.240427 0.507796 0.012665 0.018852
0 0.229122 0.514160 0.015876 0.036049
0 0.254752 0.531194 0.028552 0.021332
0 0.286558 0.504736 0.016098 0.010087
0 0.313953 0.512302 0.010691 0.007525
