0 0.611138 0.484353 0.023704 0.015556
0 0.312831 0.541915 0.029762 0.012401
0 0.432870 0.531498 0.019841 0.017361
0 0.282738 0.554315 0.026455 0.017361
0 0.295966 0.569940 0.026455 0.014881
0 0.723876 0.483383 0.019841 0.012401
0 0.334987 0.505952 0.019841 0.034722
0 0.548280 0.600942 0.029762 0.012401
0 0.571759 0.609623 0.019841 0.009921
0 0.625992 0.523065 0.019841 0.017361
0 0.666336 0.512649 0.026455 0.017361
0 0.692130 0.502232 0.033069 0.012401
0 0.197421 0.465278 0.052910 0.024802
0 0.447090 0.502728 0.016534 0.022321
0 0.263889 0.500000 0.023148 0.014881
0 0.277447 0.486855 0.019841 0.027282
0 0.293320 0.623016 0.019841 0.024802
0 0.365741 0.567956 0.029762 0.014881
0 0.371693 0.556052 0.016534 0.019841
0 0.775794 0.517857 0.023148 0.009921
0 0.782407 0.509177 0.023148 0.012401
0 0.398479 0.511905 0.026455 0.019841
0 0.712622 0.629986 0.023896 0.016128
0 0.390873 0.466518 0.026455 0.014881
0 0.385913 0.460317 0.033069 0.024802
0 0.427249 0.436756 0.042989 0.022321
0 0.400794 0.439236 0.049603 0.027282
0 0.448743 0.440476 0.023148 0.034722
0 0.423942 0.455357 0.016534 0.014881
0 0.418981 0.455357 0.029762 0.019841
0 0.519841 0.420635 0.023148 0.014881
0 0.534722 0.418155 0.026455 0.019841
0 0.503307 0.409474 0.036376 0.012401
0 0.509921 0.416915 0.026455 0.029762
0 0.524802 0.436756 0.026455 0.019841
0 0.473545 0.441716 0.029762 0.024802
0 0.486772 0.411954 0.016534 0.014881
0 0.473545 0.423115 0.023148 0.017361
0 0.457011 0.411954 0.042989 0.014881
0 0.443783 0.414435 0.016534 0.014881
0 0.425595 0.411954 0.026455 0.019841
0 0.438823 0.402034 0.026455 0.014881
0 0.447090 0.395833 0.036376 0.012401
0 0.562169 0.440228 0.026455 0.012401
0 0.375582 0.474353 0.020741 0.013333
0 0.563733 0.377686 0.023697 0.015556
0 0.565212 0.403242 0.038519 0.013333
0 0.431878 0.212130 0.020741 0.011111
0 0.431872 0.203242 0.020754 0.011111
0 0.457063 0.203242 0.023704 0.015556
0 0.474841 0.215464 0.017778 0.011111
0 0.480764 0.226579 0.011858 0.013326
0 0.457057 0.193242 0.017765 0.011111
0 0.442249 0.185464 0.017778 0.008889
0 0.544471 0.391019 0.026667 0.015556
0 0.541515 0.378797 0.020728 0.013333
0 0.532619 0.401019 0.026667 0.008889
0 0.482252 0.451019 0.008882 0.024444
0 0.580026 0.393242 0.014815 0.015556
0 0.627434 0.215464 0.026667 0.013333
0 0.485205 0.247686 0.020728 0.020000
0 0.473363 0.258797 0.020734 0.024444
0 0.446703 0.323248 0.020721 0.028901
0 0.517808 0.263243 0.023710 0.011109
0 0.643730 0.283242 0.023704 0.013333
0 0.661505 0.283242 0.017784 0.008889
0 0.668915 0.273242 0.032593 0.011111
0 0.673353 0.261023 0.029643 0.017785
0 0.673366 0.254353 0.017765 0.008889
0 0.582989 0.239908 0.026667 0.015556
0 0.580020 0.186582 0.020754 0.031101
0 0.500026 0.391019 0.029630 0.013333
0 0.554841 0.243242 0.023704 0.013333
0 0.658545 0.447686 0.023704 0.011111
0 0.652619 0.447686 0.035556 0.017778
0 0.705952 0.428795 0.023677 0.019990
0 0.661508 0.238798 0.014815 0.017775
0 0.636323 0.433242 0.020741 0.042222
0 0.621508 0.426575 0.014815 0.011111
0 0.618542 0.422127 0.020747 0.011119
0 0.622989 0.295464 0.032593 0.020000
0 0.688178 0.387692 0.023710 0.022235
0 0.508909 0.356575 0.026680 0.022222
0 0.534101 0.359908 0.023704 0.015556
0 0.540026 0.345464 0.029630 0.013333
0 0.522249 0.338797 0.017778 0.013333
0 0.526693 0.338797 0.038519 0.017778
0 0.550397 0.326575 0.032593 0.015556
0 0.537063 0.318797 0.023704 0.017778
0 0.523730 0.318797 0.026667 0.022222
0 0.520767 0.298797 0.026667 0.017778
0 0.542989 0.295464 0.017778 0.013333
0 0.535575 0.284349 0.020754 0.013341
0 0.588922 0.361021 0.026653 0.017775
0 0.390397 0.272130 0.014815 0.017778
0 0.682249 0.365464 0.017778 0.013333
0 0.679286 0.434353 0.023704 0.013333
0 0.657063 0.364353 0.020741 0.011111
0 0.657063 0.367686 0.032593 0.017778
0 0.645212 0.353242 0.026667 0.011111
0 0.716323 0.327686 0.020741 0.017778
0 0.719286 0.312130 0.026667 0.013333
0 0.695579 0.309912 0.026673 0.013326
0 0.691134 0.292132 0.017784 0.013331
0 0.488178 0.334353 0.020734 0.013333
0 0.494101 0.336575 0.038519 0.017778
0 0.508915 0.328797 0.014815 0.011111
0 0.489656 0.321021 0.029630 0.017780
0 0.495582 0.368797 0.017778 0.015556
0 0.397804 0.493242 0.041481 0.011111
0 0.394838 0.493242 0.047414 0.020000
0 0.597804 0.279908 0.020741 0.015556
0 0.599286 0.265465 0.035556 0.017780
0 0.594828 0.253242 0.026693 0.015556
0 0.725212 0.263242 0.023704 0.015556
0 0.726693 0.258796 0.023704 0.017775
0 0.710400 0.245470 0.023710 0.015543
0 0.495582 0.347686 0.017778 0.015556
0 0.263376 0.326637 0.027480 0.022321
0 0.590403 0.446575 0.029616 0.017778
0 0.575582 0.427686 0.023704 0.011111
0 0.568181 0.419908 0.029616 0.013333
0 0.599286 0.182130 0.017778 0.020000
0 0.596319 0.387686 0.020747 0.015556
0 0.606696 0.391021 0.038525 0.022220
0 0.446690 0.239908 0.026660 0.015556
0 0.425942 0.231019 0.020734 0.024444
0 0.394841 0.199908 0.023704 0.017778
0 0.391878 0.192132 0.035556 0.008891
0 0.412619 0.185468 0.026667 0.013341
0 0.412619 0.177686 0.014815 0.011111
0 0.529656 0.216575 0.023704 0.013333
0 0.541508 0.205464 0.029630 0.013333
0 0.465952 0.165464 0.017778 0.015556
0 0.437801 0.168797 0.014821 0.013333
0 0.412619 0.262130 0.047407 0.017778
0 0.405212 0.252130 0.020741 0.011111
0 0.405225 0.247690 0.044444 0.011119
0 0.371138 0.255464 0.017778 0.013333
0 0.369656 0.242130 0.020741 0.013333
0 0.375575 0.229911 0.032579 0.019990
0 0.337063 0.253243 0.026667 0.013331
0 0.351878 0.215464 0.026667 0.008889
0 0.547437 0.186571 0.020734 0.017785
0 0.283730 0.198797 0.020741 0.020000
0 0.331138 0.188797 0.032593 0.008889
0 0.587434 0.293242 0.023704 0.013333
0 0.571138 0.291019 0.020741 0.013333
0 0.711878 0.396575 0.023704 0.013333
0 0.559286 0.336575 0.032593 0.011111
0 0.716316 0.393242 0.032579 0.020015
0 0.486693 0.271019 0.023704 0.017778
0 0.485212 0.279908 0.020741 0.008889
0 0.483737 0.293242 0.023690 0.013318
0 0.498542 0.299909 0.017784 0.017775
0 0.470397 0.387686 0.020741 0.013333
0 0.679286 0.408797 0.029630 0.020000
0 0.354841 0.273242 0.014815 0.008889
0 0.803730 0.436574 0.017778 0.015558
0 0.774101 0.458797 0.023704 0.015556
0 0.774094 0.466580 0.038532 0.013318
0 0.434841 0.285464 0.023704 0.011111
0 0.600767 0.458797 0.020741 0.011111
0 0.464478 0.322134 0.014802 0.015548
0 0.655582 0.469908 0.017778 0.017778
0 0.312831 0.557292 0.036376 0.027282
0 0.372619 0.392130 0.020741 0.017778
0 0.311872 0.499908 0.017791 0.020000
0 0.311875 0.461021 0.029636 0.017775
0 0.313360 0.424353 0.029630 0.015556
0 0.301521 0.403249 0.038492 0.031101
0 0.262989 0.356575 0.020741 0.008889
0 0.261508 0.409908 0.023677 0.013318
0 0.334101 0.448797 0.032593 0.015556
0 0.360767 0.445464 0.020741 0.017778
0 0.344461 0.445463 0.035549 0.022220
0 0.697063 0.353242 0.023704 0.011111
0 0.403724 0.347686 0.023717 0.013333
0 0.220026 0.389908 0.023704 0.015556
0 0.682252 0.462140 0.035562 0.015551
0 0.567791 0.677827 0.026455 0.012401
0 0.537063 0.477686 0.023704 0.015556
0 0.557804 0.473242 0.017778 0.011111
0 0.468915 0.479908 0.029630 0.015556
0 0.434841 0.507686 0.020741 0.017778
0 0.437798 0.491019 0.032606 0.020000
0 0.434841 0.469908 0.020741 0.013333
0 0.396329 0.419905 0.014815 0.028896
0 0.325218 0.477686 0.032579 0.015556
0 0.501508 0.473242 0.029630 0.015556
0 0.430397 0.328797 0.017778 0.020000
0 0.443737 0.358793 0.032579 0.017785
0 0.622989 0.346575 0.017778 0.013333
0 0.310400 0.237690 0.017758 0.013326
0 0.189153 0.366071 0.019841 0.027282
0 0.217262 0.562252 0.026455 0.022321
0 0.807870 0.474454 0.019841 0.032242
0 0.795304 0.482143 0.019841 0.009921
0 0.574735 0.496280 0.023148 0.012401
