0 0.580064 0.282217 0.019302 0.014732
0 0.413160 0.291817 0.010380 0.013346
0 0.343466 0.399224 0.010655 0.007991
0 0.337735 0.391695 0.013102 0.009526
0 0.317654 0.405216 0.013112 0.007684
0 0.317034 0.400601 0.012692 0.006461
0 0.308838 0.406751 0.012715 0.010754
0 0.307006 0.413207 0.014759 0.005828
0 0.388810 0.394432 0.010304 0.020089
0 0.380440 0.375115 0.013135 0.010816
0 0.434912 0.375693 0.011333 0.011208
0 0.435933 0.372706 0.012857 0.007912
0 0.427316 0.378012 0.011591 0.008500
0 0.430142 0.373664 0.027546 0.009085
0 0.505126 0.416505 0.033003 0.012376
0 0.502579 0.422561 0.011058 0.006848
0 0.497487 0.420389 0.008955 0.007242
0 0.484231 0.412093 0.017206 0.004608
0 0.355362 0.403731 0.010532 0.007899
0 0.355714 0.404916 0.017910 0.008165
0 0.367743 0.413211 0.023707 0.019229
0 0.365810 0.420520 0.012817 0.008033
0 0.364931 0.406101 0.012817 0.009216
0 0.360721 0.397020 0.020185 0.006838
0 0.475800 0.411975 0.022123 0.013212
0 0.383838 0.384013 0.022431 0.028358
0 0.365569 0.376807 0.019233 0.006257
0 0.367173 0.371997 0.016025 0.008170
0 0.404028 0.396751 0.012817 0.012500
0 0.409160 0.386422 0.012831 0.015851
0 0.416845 0.385456 0.007692 0.010094
0 0.331285 0.354692 0.021147 0.015863
0 0.327760 0.354692 0.010255 0.005288
0 0.324881 0.357816 0.013452 0.006729
0 0.325197 0.350125 0.008972 0.006729
0 0.343150 0.372718 0.016677 0.007688
0 0.342508 0.368632 0.017960 0.008172
0 0.378267 0.353627 0.007983 0.005409
0 0.377493 0.356525 0.010046 0.012361
0 0.365646 0.358072 0.012622 0.011590
0 0.295258 0.374916 0.017765 0.011205
0 0.305685 0.370764 0.011845 0.006756
0 0.267935 0.351057 0.020731 0.010764
0 0.257568 0.353449 0.019137 0.008371
0 0.308601 0.359425 0.012758 0.010764
0 0.473547 0.407214 0.009421 0.007989
0 0.467191 0.415352 0.009845 0.010764
0 0.469039 0.422884 0.013522 0.010446
0 0.467811 0.430258 0.012698 0.006146
0 0.465150 0.428108 0.013105 0.007991
0 0.475805 0.424577 0.011485 0.009521
0 0.472518 0.437014 0.012298 0.009206
0 0.372350 0.398764 0.009421 0.008296
0 0.320119 0.386012 0.032765 0.022123
0 0.323800 0.385703 0.016389 0.008604
0 0.320937 0.386623 0.019653 0.011674
0 0.302187 0.415620 0.007404 0.008884
0 0.362011 0.449157 0.012156 0.008879
0 0.364818 0.454153 0.014213 0.011327
0 0.356822 0.458483 0.015397 0.013326
0 0.351784 0.462143 0.016002 0.010446
0 0.339648 0.473363 0.015400 0.017768
0 0.343793 0.468583 0.022507 0.014869
0 0.350316 0.449601 0.010083 0.009767
0 0.440625 0.414953 0.006515 0.012882
0 0.445215 0.416403 0.024577 0.010449
0 0.440923 0.415396 0.016567 0.013331
0 0.433370 0.415841 0.014511 0.012882
0 0.428780 0.433720 0.023690 0.015769
0 0.432930 0.437500 0.012447 0.012649
0 0.421673 0.429055 0.017765 0.010883
0 0.302483 0.424169 0.013327 0.007773
0 0.377695 0.457486 0.014517 0.014874
0 0.378884 0.462147 0.018065 0.007329
0 0.413234 0.407180 0.017474 0.008884
0 0.419162 0.404628 0.014521 0.008214
0 0.447584 0.425279 0.006809 0.016213
0 0.220346 0.579521 0.015380 0.012113
0 0.211887 0.544340 0.015380 0.010952
0 0.319172 0.557891 0.019229 0.009229
0 0.319557 0.557603 0.009226 0.014422
0 0.293793 0.545490 0.016151 0.008653
0 0.301485 0.527032 0.016151 0.010960
0 0.416081 0.550392 0.017679 0.005769
0 0.427227 0.544913 0.009229 0.010957
0 0.440675 0.537752 0.009987 0.012706
0 0.524519 0.724878 0.017695 0.007495
0 0.386106 0.354707 0.005546 0.008452
0 0.390131 0.355580 0.010017 0.005635
0 0.401306 0.378514 0.014120 0.010203
0 0.484749 0.363695 0.015384 0.008988
0 0.495488 0.368531 0.016829 0.007101
0 0.453084 0.384023 0.015724 0.011796
0 0.468294 0.380934 0.010734 0.011267
0 0.473662 0.394612 0.018952 0.010206
0 0.486179 0.394885 0.009659 0.012879
0 0.489041 0.396093 0.016455 0.007780
0 0.492361 0.405412 0.020569 0.009534
0 0.478406 0.383281 0.011640 0.009792
0 0.507199 0.398439 0.011991 0.009526
0 0.544668 0.391799 0.010374 0.007780
0 0.549406 0.398641 0.010552 0.007242
0 0.537555 0.406622 0.012014 0.008185
0 0.304678 0.691946 0.011141 0.007825
0 0.242318 0.411900 0.013353 0.010813
0 0.263409 0.415902 0.011739 0.010821
0 0.253808 0.401085 0.017073 0.011615
0 0.237237 0.395877 0.012834 0.009214
0 0.240190 0.385667 0.010162 0.012009
0 0.529611 0.398914 0.012880 0.008532
0 0.521346 0.399482 0.007970 0.006766
0 0.480033 0.428857 0.008148 0.012073
0 0.501389 0.431756 0.014352 0.010784
0 0.459211 0.462340 0.014593 0.010464
0 0.458996 0.460971 0.015883 0.011912
0 0.532093 0.447685 0.013922 0.010796
0 0.446976 0.455017 0.015453 0.012237
0 0.439684 0.446806 0.015876 0.006438
0 0.527887 0.429017 0.017612 0.007567
0 0.333905 0.492814 0.013869 0.009214
0 0.340852 0.489410 0.008555 0.008829
0 0.339524 0.506225 0.016548 0.009623
0 0.313084 0.445947 0.010685 0.007609
0 0.306941 0.442943 0.011217 0.007210
0 0.338988 0.443142 0.011243 0.007614
0 0.547007 0.448151 0.016038 0.008008
0 0.466098 0.474984 0.011217 0.009606
0 0.293585 0.461372 0.015476 0.013616
0 0.271430 0.488803 0.008535 0.012428
0 0.277302 0.482799 0.011746 0.007612
0 0.269557 0.476591 0.017626 0.008812
0 0.452497 0.556368 0.018459 0.009229
0 0.552087 0.419958 0.014623 0.010947
0 0.489023 0.486858 0.009983 0.010967
0 0.498247 0.506476 0.016138 0.007495
0 0.527087 0.516562 0.010787 0.011548
0 0.534403 0.508204 0.009997 0.007500
0 0.532082 0.419529 0.010837 0.009345
0 0.572088 0.551753 0.017688 0.008075
0 0.574785 0.550893 0.015377 0.012103
0 0.590165 0.538779 0.020000 0.014412
0 0.572470 0.569639 0.010747 0.009219
0 0.561314 0.575694 0.020777 0.012103
0 0.231004 0.592995 0.016921 0.010960
0 0.271379 0.595306 0.013062 0.015563
0 0.286371 0.596172 0.019983 0.012681
0 0.348565 0.574311 0.025470 0.016612
0 0.385104 0.573064 0.018813 0.015781
0 0.386225 0.608781 0.014382 0.012458
0 0.386779 0.618332 0.028783 0.011629
0 0.387880 0.588435 0.013261 0.013279
0 0.597199 0.576799 0.015522 0.018281
0 0.585020 0.595497 0.011111 0.014110
0 0.676653 0.556922 0.031878 0.031354
0 0.334215 0.591321 0.015380 0.010960
0 0.353061 0.614970 0.019216 0.007500
0 0.574934 0.618431 0.012302 0.007498
0 0.404563 0.625062 0.025397 0.008061
0 0.137718 0.595644 0.034616 0.023083
0 0.104649 0.614970 0.025370 0.020188
0 0.310390 0.645444 0.013042 0.014102
0 0.322917 0.645652 0.012037 0.009013
0 0.363866 0.631132 0.010238 0.010682
0 0.314451 0.623116 0.012897 0.011362
0 0.389238 0.656001 0.012007 0.015022
0 0.252817 0.644484 0.013347 0.015357
0 0.226786 0.659678 0.014683 0.013006
0 0.359044 0.684301 0.019345 0.010218
0 0.155010 0.558796 0.021263 0.020866
0 0.173404 0.544076 0.054778 0.036813
0 0.683322 0.442263 0.014726 0.008584
0 0.676372 0.453610 0.018810 0.011654
0 0.580270 0.444402 0.013072 0.011642
0 0.594196 0.493790 0.021263 0.009802
0 0.192626 0.426617 0.011442 0.006756
0 0.202447 0.432144 0.013095 0.010419
0 0.188132 0.482437 0.022083 0.011654
0 0.201224 0.474464 0.013889 0.005521
0 0.173416 0.503292 0.013896 0.007974
0 0.242525 0.463730 0.013099 0.011042
0 0.231075 0.447783 0.024517 0.008586
0 0.102674 0.434900 0.017999 0.013500
0 0.238426 0.369277 0.027778 0.015935
0 0.224931 0.359151 0.013896 0.010429
0 0.150921 0.372645 0.013085 0.012879
0 0.134155 0.363750 0.012265 0.012267
0 0.110033 0.358849 0.021270 0.013482
0 0.257647 0.314375 0.020446 0.011652
0 0.252738 0.314375 0.013902 0.010427
0 0.213072 0.325722 0.013075 0.011042
0 0.212669 0.318662 0.013896 0.010439
0 0.162366 0.414354 0.013092 0.012879
0 0.235562 0.314373 0.017169 0.009201
0 0.186811 0.316998 0.006181 0.012750
0 0.284314 0.414559 0.021637 0.009658
0 0.287404 0.418712 0.013393 0.004442
0 0.387591 0.426818 0.015956 0.014499
0 0.380519 0.435040 0.009517 0.007331
0 0.373810 0.438698 0.008995 0.010828
0 0.183608 0.432137 0.014425 0.005409
0 0.170086 0.436966 0.014167 0.005409
0 0.172634 0.428726 0.014838 0.009735
0 0.162621 0.438743 0.033376 0.019747
0 0.174502 0.444581 0.019315 0.007515
0 0.174385 0.451341 0.015344 0.010533
0 0.175944 0.456608 0.008581 0.011704
0 0.113712 0.462140 0.049891 0.026265
0 0.819130 0.463686 0.028604 0.023105
0 0.744322 0.523919 0.046204 0.024752
0 0.699210 0.617980 0.026382 0.024750
0 0.648609 0.644381 0.017596 0.021451
0 0.637612 0.682335 0.022004 0.018152
0 0.289393 0.422933 0.010089 0.007245
0 0.341119 0.451908 0.008800 0.007567
0 0.333929 0.427359 0.027447 0.013844
0 0.312809 0.460769 0.010804 0.014821
0 0.651916 0.367153 0.024210 0.021453
0 0.668414 0.376225 0.026399 0.019812
0 0.616706 0.385305 0.024193 0.021453
0 0.152875 0.275851 0.012106 0.010184
0 0.204319 0.299727 0.011845 0.010551
0 0.122768 0.259843 0.012599 0.007403
0 0.159028 0.220885 0.016534 0.010179
0 0.451463 0.440335 0.012285 0.006017
0 0.432507 0.486007 0.022421 0.015615
0 0.427163 0.480393 0.017090 0.012423
0 0.400992 0.507835 0.012817 0.008011
0 0.396987 0.506032 0.011217 0.009211
0 0.382308 0.525464 0.022421 0.015213
0 0.398056 0.527661 0.012282 0.006811
0 0.490184 0.562711 0.013886 0.025635
0 0.489917 0.560508 0.014418 0.006811
0 0.479770 0.565916 0.013350 0.005608
0 0.483771 0.576730 0.022437 0.010414
0 0.485913 0.581536 0.014954 0.005608
0 0.502475 0.562515 0.013899 0.009206
0 0.482440 0.557504 0.008009 0.008812
0 0.473361 0.554499 0.016558 0.018026
0 0.238249 0.237357 0.016042 0.010920
0 0.234557 0.235503 0.016534 0.015749
0 0.256391 0.228749 0.017774 0.019253
0 0.260830 0.236339 0.016779 0.006662
0 0.264160 0.238374 0.016038 0.011476
0 0.254170 0.261880 0.022216 0.049970
0 0.197032 0.250404 0.016551 0.011845
0 0.360403 0.517247 0.014954 0.008413
0 0.347049 0.527660 0.030969 0.027641
0 0.352391 0.541881 0.014954 0.008812
0 0.335575 0.535074 0.014431 0.012014
0 0.524155 0.187054 0.009428 0.011062
0 0.561333 0.195687 0.012983 0.010620
0 0.334193 0.200327 0.023611 0.011071
0 0.373424 0.208077 0.019468 0.014159
0 0.463395 0.227103 0.029501 0.017698
0 0.433011 0.196792 0.019468 0.009293
0 0.428586 0.193031 0.030678 0.025665
0 0.536840 0.234625 0.013555 0.010620
0 0.653661 0.237943 0.017110 0.009293
0 0.713838 0.245908 0.019474 0.011062
0 0.317660 0.260737 0.012960 0.010610
0 0.455721 0.245250 0.012963 0.007961
0 0.315017 0.237279 0.014749 0.006195
0 0.301447 0.236173 0.018290 0.005754
0 0.507226 0.168296 0.011806 0.009291
0 0.510040 0.172841 0.020648 0.007964
0 0.689931 0.293775 0.010681 0.016022
0 0.630121 0.287366 0.013899 0.013621
0 0.346518 0.327422 0.010681 0.008812
0 0.304058 0.293175 0.011217 0.011617
0 0.332368 0.293976 0.014431 0.010015
0 0.362011 0.281157 0.017077 0.011615
0 0.375091 0.270136 0.015493 0.017614
0 0.380164 0.265135 0.014957 0.012418
0 0.392186 0.276956 0.015496 0.016014
0 0.411412 0.274753 0.019769 0.006798
0 0.434105 0.257724 0.029911 0.015221
0 0.342778 0.308796 0.010681 0.007612
0 0.337164 0.546688 0.018707 0.010414
0 0.260784 0.557710 0.018724 0.010806
0 0.264001 0.557102 0.011217 0.008812
0 0.221271 0.566115 0.029382 0.017225
0 0.411356 0.330136 0.016204 0.010873
0 0.432892 0.328858 0.016630 0.008956
0 0.373287 0.318796 0.013724 0.008901
0 0.385891 0.315877 0.018165 0.006952
0 0.398322 0.297104 0.007417 0.011694
0 0.400921 0.296958 0.017054 0.014750
0 0.344914 0.340632 0.014094 0.010848
0 0.551480 0.260236 0.015261 0.011047
0 0.523681 0.267803 0.016343 0.010630
0 0.324139 0.325045 0.015274 0.006543
0 0.481690 0.285790 0.010893 0.008187
0 0.521493 0.283136 0.011994 0.013495
0 0.504317 0.259421 0.014712 0.009402
0 0.452257 0.293766 0.015268 0.010221
0 0.458800 0.324229 0.017447 0.010630
0 0.617710 0.292540 0.012530 0.015129
0 0.471612 0.262897 0.010354 0.012267
0 0.474335 0.256150 0.020172 0.011858
0 0.483876 0.253901 0.023988 0.013085
0 0.520671 0.307054 0.015800 0.008998
0 0.604365 0.324227 0.013095 0.011451
0 0.504600 0.317068 0.016343 0.011865
0 0.487966 0.306646 0.010357 0.009814
0 0.489874 0.311145 0.007632 0.015538
0 0.481422 0.319117 0.019081 0.015129
0 0.579415 0.299719 0.010880 0.010747
0 0.569683 0.301011 0.012030 0.008594
0 0.582001 0.322925 0.008591 0.019338
0 0.559373 0.307563 0.021194 0.007949
0 0.567821 0.311539 0.014610 0.007736
0 0.551920 0.319918 0.016617 0.013750
0 0.553495 0.318843 0.011746 0.009025
0 0.558085 0.338612 0.022652 0.014179
0 0.540169 0.343659 0.017771 0.009670
0 0.479008 0.338938 0.014603 0.009226
0 0.569395 0.360739 0.015443 0.010317
0 0.589600 0.362245 0.008300 0.012892
0 0.655195 0.349998 0.022632 0.008165
0 0.618381 0.348924 0.029223 0.005159
0 0.611938 0.359239 0.023810 0.006870
0 0.516253 0.359881 0.010602 0.014182
0 0.583146 0.374384 0.009739 0.013534
0 0.595752 0.372666 0.031511 0.013537
0 0.468413 0.341833 0.011746 0.017188
0 0.495341 0.354298 0.011171 0.009459
0 0.486455 0.356122 0.012328 0.010528
0 0.541599 0.375565 0.009726 0.009454
0 0.456384 0.355154 0.019183 0.008165
0 0.416559 0.356659 0.012894 0.006875
0 0.403953 0.362030 0.014038 0.009452
0 0.487136 0.456345 0.008532 0.012245
0 0.483624 0.456210 0.020767 0.009737
0 0.223080 0.551944 0.022563 0.013909
0 0.236680 0.554726 0.021944 0.018544
0 0.563368 0.281523 0.016319 0.010565
0 0.587844 0.281801 0.014835 0.010570
0 0.584329 0.282913 0.012970 0.006119
0 0.592852 0.290424 0.012979 0.011126
0 0.390354 0.340629 0.013737 0.014194
0 0.644593 0.388199 0.015575 0.011404
0 0.538896 0.385417 0.019299 0.014187
0 0.496424 0.383331 0.015202 0.010570
0 0.423907 0.288053 0.021498 0.016979
