0 0.479927 0.501460 0.028598 0.009487
0 0.399272 0.262562 0.039418 0.042436
0 0.243079 0.237522 0.012414 0.013150
0 0.248557 0.248328 0.017517 0.009033
0 0.197831 0.281310 0.013869 0.012589
0 0.427740 0.268034 0.021167 0.015052
0 0.425914 0.265434 0.013866 0.021349
0 0.288889 0.207819 0.022288 0.010677
0 0.221004 0.220138 0.006935 0.008485
0 0.460036 0.249149 0.015694 0.004653
0 0.620284 0.229688 0.013717 0.020536
0 0.697789 0.320692 0.014494 0.017029
0 0.368213 0.275042 0.010565 0.015561
0 0.212037 0.307329 0.023876 0.008507
0 0.245899 0.310119 0.019577 0.017609
0 0.311258 0.303372 0.016438 0.007046
0 0.307530 0.330525 0.007454 0.013207
0 0.317526 0.321863 0.043849 0.012922
0 0.644362 0.238930 0.012533 0.016153
0 0.645931 0.255961 0.011743 0.021431
0 0.656890 0.283409 0.009395 0.015265
0 0.660021 0.265502 0.019573 0.021133
0 0.669410 0.260366 0.017993 0.010866
0 0.665112 0.253610 0.019577 0.009105
0 0.669028 0.248480 0.031323 0.014668
0 0.676658 0.245538 0.024659 0.019375
0 0.669031 0.232329 0.018022 0.014658
0 0.605734 0.254401 0.013386 0.016590
0 0.475352 0.259224 0.022120 0.007713
0 0.371693 0.171181 0.014749 0.007887
0 0.366647 0.172922 0.009683 0.008224
0 0.372965 0.174656 0.018118 0.007899
0 0.385604 0.174814 0.026544 0.005055
0 0.412368 0.171181 0.010119 0.011062
0 0.396761 0.171658 0.016868 0.008842
0 0.414674 0.191562 0.012219 0.012639
0 0.400559 0.193461 0.013485 0.018336
0 0.491777 0.222371 0.010532 0.017381
0 0.386657 0.193142 0.021911 0.007584
0 0.499573 0.185243 0.028644 0.007589
0 0.501257 0.176079 0.029491 0.007584
0 0.541700 0.193306 0.015146 0.014231
0 0.545486 0.180661 0.021065 0.007899
0 0.570984 0.197724 0.016432 0.007899
0 0.374649 0.203254 0.014749 0.010744
0 0.376339 0.210993 0.022321 0.035702
0 0.346635 0.229315 0.011789 0.013591
0 0.299023 0.223160 0.009269 0.010744
0 0.306184 0.226637 0.014325 0.008214
0 0.342839 0.220790 0.023595 0.009164
0 0.349160 0.216368 0.014325 0.018643
0 0.310413 0.193451 0.010582 0.004377
0 0.314792 0.203852 0.010582 0.008209
0 0.275379 0.235601 0.015691 0.013137
0 0.311324 0.245592 0.019706 0.039139
0 0.281219 0.195778 0.009124 0.010126
0 0.305850 0.190440 0.012407 0.004928
0 0.318262 0.186339 0.008019 0.006012
0 0.556042 0.317075 0.018631 0.015022
0 0.498046 0.347121 0.012579 0.008735
0 0.488955 0.329663 0.020503 0.024107
0 0.515989 0.335246 0.018618 0.010124
0 0.507130 0.313756 0.015840 0.011178
0 0.504800 0.306768 0.020499 0.013973
0 0.511088 0.305371 0.011647 0.008385
0 0.514117 0.303450 0.015840 0.013626
0 0.515979 0.314105 0.020496 0.037034
0 0.532523 0.333495 0.018155 0.020610
0 0.537404 0.328250 0.031687 0.033182
0 0.546258 0.323713 0.030744 0.038780
0 0.175923 0.363192 0.013975 0.024807
0 0.177087 0.350440 0.016303 0.012577
0 0.129105 0.454379 0.022827 0.010131
0 0.181283 0.464509 0.042394 0.023413
0 0.371343 0.280914 0.012136 0.017319
0 0.400111 0.326124 0.011743 0.019082
0 0.185797 0.328912 0.025430 0.008222
0 0.525761 0.281932 0.018783 0.012922
0 0.442386 0.299115 0.011743 0.016146
0 0.482895 0.290015 0.011359 0.023780
0 0.486227 0.296620 0.019570 0.014092
0 0.489952 0.283266 0.020757 0.012614
0 0.146460 0.345938 0.020367 0.014097
0 0.153902 0.365316 0.013294 0.012329
0 0.155078 0.358710 0.018006 0.010863
0 0.143725 0.438558 0.018006 0.012631
0 0.183576 0.398351 0.024117 0.032019
0 0.186171 0.382758 0.021429 0.008735
0 0.220415 0.423456 0.017219 0.011173
0 0.250680 0.415944 0.014454 0.012939
0 0.252085 0.419094 0.013509 0.010131
0 0.266062 0.411231 0.018168 0.014675
0 0.256511 0.426607 0.015840 0.008393
0 0.197120 0.369650 0.010708 0.015362
0 0.210627 0.357428 0.012576 0.011880
0 0.229492 0.339090 0.016769 0.014330
0 0.233686 0.346597 0.018634 0.012579
0 0.341060 0.401798 0.049845 0.020962
0 0.250455 0.341531 0.013046 0.015022
0 0.253016 0.348868 0.010714 0.014323
0 0.244167 0.352886 0.019101 0.009784
0 0.230883 0.369483 0.024213 0.012924
0 0.277943 0.346074 0.030754 0.014320
0 0.276075 0.354633 0.014907 0.025154
0 0.264663 0.367035 0.008849 0.010131
0 0.271184 0.372453 0.038664 0.018864
0 0.243469 0.383457 0.024239 0.026190
0 0.263497 0.383981 0.024223 0.013973
0 0.402085 0.354103 0.009785 0.010141
0 0.442379 0.317250 0.037265 0.010491
0 0.446338 0.328080 0.014441 0.010481
0 0.359220 0.362493 0.015357 0.019211
0 0.417925 0.342407 0.011644 0.016773
0 0.430966 0.345724 0.024689 0.008036
0 0.405579 0.366865 0.013049 0.017460
0 0.474041 0.348512 0.038228 0.048562
0 0.468004 0.331925 0.049368 0.018165
0 0.090901 0.600063 0.007927 0.013614
0 0.096963 0.605135 0.012576 0.010484
0 0.101620 0.612821 0.016303 0.019566
0 0.164276 0.528447 0.012110 0.012227
0 0.146801 0.530714 0.021908 0.009792
0 0.185704 0.492811 0.015840 0.014323
0 0.206209 0.499978 0.011194 0.013983
0 0.213887 0.517092 0.016306 0.017468
0 0.221339 0.530020 0.026554 0.009782
0 0.231587 0.494907 0.017235 0.015022
0 0.240678 0.494040 0.018644 0.015362
0 0.242073 0.474990 0.014901 0.019921
0 0.251852 0.473072 0.019563 0.009085
0 0.287021 0.473945 0.019081 0.011530
0 0.276301 0.499621 0.012589 0.012584
0 0.287255 0.499100 0.021429 0.019916
0 0.348039 0.510455 0.015390 0.011183
0 0.251617 0.443374 0.012573 0.025156
0 0.316369 0.444421 0.027513 0.008380
0 0.315213 0.529844 0.013958 0.018517
0 0.137490 0.599022 0.015370 0.016421
0 0.132831 0.584348 0.017235 0.008735
0 0.147965 0.573687 0.024236 0.006997
0 0.157984 0.580330 0.017232 0.007684
0 0.317768 0.362669 0.011647 0.012579
0 0.332908 0.362319 0.040063 0.019563
0 0.347814 0.362669 0.021429 0.009082
0 0.342457 0.358476 0.011647 0.009085
0 0.345483 0.352710 0.013981 0.009437
0 0.327316 0.354108 0.018634 0.010131
0 0.205503 0.313406 0.010714 0.009784
0 0.214354 0.312184 0.020962 0.010831
0 0.189663 0.618761 0.012579 0.020265
0 0.225766 0.587491 0.013978 0.022711
0 0.242774 0.617882 0.018155 0.016419
0 0.768915 0.358311 0.020503 0.012247
0 0.718857 0.355853 0.016319 0.015030
0 0.696032 0.385206 0.023743 0.021305
0 0.679489 0.348869 0.018634 0.033889
0 0.652472 0.334373 0.008383 0.016066
0 0.650607 0.339435 0.012113 0.013626
0 0.626382 0.344157 0.018638 0.028641
0 0.325222 0.681128 0.013512 0.010124
0 0.326852 0.640775 0.021429 0.009774
0 0.357126 0.671863 0.017692 0.012574
0 0.609375 0.371064 0.023776 0.013953
0 0.569086 0.336466 0.013046 0.016071
0 0.536706 0.347297 0.020966 0.010466
0 0.570723 0.577937 0.022841 0.010694
0 0.586644 0.562055 0.017586 0.013242
0 0.610665 0.567953 0.025694 0.022116
0 0.598290 0.583114 0.015231 0.017468
0 0.584745 0.575441 0.024253 0.014266
0 0.586647 0.583646 0.023300 0.011414
0 0.708383 0.507316 0.025231 0.011409
0 0.305418 0.622784 0.018641 0.006629
0 0.271184 0.617014 0.016303 0.016071
0 0.235780 0.568101 0.010714 0.009784
0 0.242062 0.557974 0.018647 0.005580
0 0.248360 0.556393 0.015370 0.012240
0 0.248810 0.581721 0.010714 0.007688
0 0.248118 0.586267 0.009332 0.013973
0 0.517973 0.649826 0.022057 0.019742
0 0.516207 0.648889 0.010675 0.007738
0 0.522612 0.653826 0.014947 0.009075
0 0.524392 0.645818 0.019927 0.014945
0 0.550192 0.631536 0.021706 0.011486
0 0.573317 0.622737 0.022427 0.012537
0 0.538988 0.606064 0.027050 0.014410
0 0.554456 0.602848 0.015294 0.013881
0 0.551080 0.618064 0.019216 0.015479
0 0.564428 0.608987 0.011753 0.024025
0 0.568338 0.588038 0.012457 0.018948
0 0.583102 0.598317 0.026323 0.014938
0 0.614241 0.578704 0.008185 0.015756
0 0.624745 0.584170 0.022070 0.013876
0 0.621716 0.571758 0.019570 0.014678
0 0.609965 0.552277 0.016028 0.014147
0 0.426713 0.592445 0.018862 0.012272
0 0.432049 0.599916 0.015301 0.016548
0 0.439522 0.592176 0.020995 0.005871
0 0.457672 0.582300 0.010317 0.009606
0 0.454646 0.591911 0.013525 0.013351
0 0.456070 0.610456 0.011386 0.010942
0 0.463542 0.609256 0.014233 0.013343
0 0.459808 0.623934 0.020278 0.011210
0 0.458027 0.606054 0.044481 0.028289
0 0.372437 0.588178 0.024901 0.016535
0 0.381868 0.616059 0.023829 0.024826
0 0.399668 0.627004 0.016723 0.015744
0 0.400380 0.625670 0.008896 0.015744
0 0.400741 0.604452 0.011733 0.018681
0 0.428313 0.618597 0.011389 0.016014
0 0.413547 0.583369 0.013879 0.017081
0 0.417637 0.602184 0.027755 0.007205
0 0.455890 0.723049 0.023287 0.010831
0 0.477776 0.707331 0.018647 0.014315
0 0.488955 0.696849 0.019577 0.016416
0 0.644550 0.693876 0.014907 0.010481
0 0.609392 0.721305 0.027513 0.013641
0 0.618922 0.737196 0.032593 0.013281
0 0.486310 0.670243 0.014947 0.022679
0 0.462120 0.646487 0.014233 0.012542
0 0.472437 0.654229 0.007110 0.016295
0 0.486311 0.658632 0.020632 0.017612
0 0.486850 0.648351 0.017437 0.017882
0 0.417455 0.666974 0.021895 0.010481
0 0.392067 0.637277 0.021429 0.011181
0 0.425612 0.658947 0.027017 0.016753
0 0.620327 0.670119 0.015840 0.020962
0 0.607976 0.699112 0.053585 0.024444
0 0.747963 0.536138 0.017698 0.010818
0 0.676220 0.624524 0.017718 0.013631
0 0.667146 0.645672 0.025628 0.021652
0 0.539504 0.663481 0.016303 0.019566
0 0.581197 0.655446 0.012110 0.016071
0 0.564901 0.660507 0.019550 0.028306
0 0.744474 0.580156 0.020959 0.008031
0 0.724907 0.576137 0.030278 0.009085
0 0.475642 0.627536 0.014233 0.014149
0 0.483826 0.623134 0.009253 0.018683
0 0.490053 0.615262 0.012454 0.011476
0 0.485422 0.625670 0.022431 0.037098
0 0.499304 0.615928 0.011743 0.019216
0 0.501973 0.607388 0.020638 0.019216
0 0.512115 0.612325 0.015301 0.012011
0 0.519231 0.582168 0.009606 0.016815
0 0.502330 0.605253 0.024196 0.008542
0 0.487027 0.597648 0.014233 0.016813
0 0.757981 0.522507 0.017239 0.012227
0 0.672730 0.566530 0.023767 0.027604
0 0.657361 0.582600 0.012579 0.024105
0 0.646186 0.596579 0.019091 0.017810
0 0.625455 0.616834 0.012120 0.012215
0 0.525296 0.627670 0.011181 0.012230
0 0.602331 0.613070 0.018552 0.023165
0 0.607571 0.626801 0.012841 0.012837
0 0.615655 0.641245 0.019497 0.019618
0 0.616369 0.637856 0.013313 0.041372
0 0.595914 0.639462 0.018085 0.006062
0 0.609711 0.645882 0.012364 0.015335
0 0.606858 0.649270 0.023776 0.009273
0 0.604241 0.645703 0.012841 0.012125
0 0.490155 0.589854 0.015139 0.017664
0 0.511184 0.598843 0.019345 0.008514
0 0.522326 0.591587 0.010513 0.016716
0 0.782391 0.429402 0.025099 0.023884
0 0.489661 0.684968 0.036802 0.012927
0 0.453558 0.654048 0.013975 0.013973
0 0.285261 0.568956 0.018499 0.013874
0 0.267652 0.566691 0.016720 0.016270
0 0.321923 0.576295 0.014216 0.012540
0 0.306437 0.555346 0.033806 0.008008
0 0.326720 0.570290 0.015304 0.012277
0 0.336333 0.555747 0.013869 0.015213
0 0.365856 0.568152 0.024570 0.013884
0 0.365685 0.607922 0.019213 0.017614
0 0.380807 0.595645 0.025265 0.011210
0 0.614425 0.298227 0.011362 0.016741
0 0.567860 0.559220 0.019980 0.007478
0 0.547416 0.567595 0.020923 0.008559
0 0.560136 0.570812 0.024967 0.019983
0 0.505795 0.590428 0.011260 0.018152
0 0.503262 0.580084 0.009567 0.007599
0 0.499322 0.576917 0.010694 0.015620
0 0.488905 0.575858 0.019147 0.017738
0 0.484403 0.559613 0.013515 0.009702
0 0.463861 0.557710 0.019699 0.009288
0 0.476807 0.565730 0.017450 0.012666
0 0.429527 0.575226 0.023075 0.018160
0 0.419955 0.561720 0.014071 0.007175
0 0.328798 0.512212 0.016802 0.011572
0 0.338056 0.510027 0.028459 0.020575
0 0.376460 0.550151 0.029838 0.008735
0 0.392578 0.536388 0.012001 0.007974
0 0.363423 0.540632 0.016131 0.014400
0 0.368747 0.526358 0.022632 0.007458
0 0.393264 0.528801 0.020231 0.007716
0 0.449327 0.540375 0.012345 0.009772
0 0.439557 0.558248 0.013373 0.031119
0 0.426523 0.545909 0.009263 0.025449
0 0.437841 0.542688 0.006515 0.015432
0 0.501258 0.524490 0.036247 0.010935
0 0.492718 0.523709 0.012500 0.009998
0 0.487510 0.520584 0.008750 0.011873
0 0.524853 0.576276 0.023409 0.017294
0 0.499180 0.560559 0.015357 0.012041
0 0.514021 0.563305 0.014325 0.012314
0 0.525901 0.566318 0.023409 0.014149
0 0.523631 0.562387 0.016071 0.017294
0 0.548201 0.553083 0.042156 0.015987
0 0.542746 0.557602 0.017212 0.006453
0 0.554749 0.554715 0.024907 0.005437
0 0.661863 0.502406 0.011789 0.013591
0 0.666839 0.515484 0.022646 0.009172
0 0.587151 0.531429 0.008760 0.015089
0 0.606518 0.506486 0.010238 0.016176
0 0.628816 0.493464 0.009504 0.016451
0 0.645084 0.471119 0.009137 0.015079
0 0.715086 0.464128 0.019008 0.015355
0 0.685294 0.462346 0.020106 0.010144
0 0.667748 0.468652 0.029610 0.017820
0 0.701951 0.369878 0.015476 0.014410
0 0.734630 0.433513 0.021210 0.029020
0 0.739501 0.414810 0.014332 0.018271
0 0.745466 0.399571 0.032467 0.015114
0 0.610007 0.474802 0.043763 0.013646
0 0.819231 0.479041 0.024587 0.013276
0 0.653523 0.511311 0.026551 0.023971
0 0.652546 0.492139 0.013757 0.012899
0 0.656720 0.488816 0.023108 0.012170
0 0.613695 0.541551 0.033436 0.006267
0 0.634342 0.532705 0.012798 0.015112
0 0.626477 0.535649 0.018694 0.018073
0 0.604598 0.533806 0.009342 0.014382
0 0.530744 0.548357 0.017242 0.012587
0 0.599691 0.520412 0.013509 0.008383
0 0.636027 0.509756 0.014441 0.012230
0 0.510428 0.554799 0.010407 0.017187
0 0.485423 0.532464 0.013743 0.010613
0 0.500842 0.539958 0.011247 0.008750
0 0.528968 0.544638 0.034987 0.016260
0 0.620407 0.442474 0.015403 0.014363
0 0.570210 0.446374 0.016663 0.012187
0 0.511675 0.546368 0.019580 0.012820
0 0.506258 0.533708 0.010413 0.007500
0 0.510008 0.540427 0.017913 0.008438
0 0.514385 0.532454 0.020833 0.011882
0 0.516050 0.528402 0.015830 0.011863
0 0.529380 0.530739 0.013330 0.011562
0 0.522090 0.523397 0.022917 0.029373
0 0.562971 0.525063 0.011994 0.018242
0 0.465344 0.526437 0.013327 0.012994
0 0.476019 0.546646 0.011693 0.015365
0 0.471630 0.540071 0.013161 0.010965
0 0.444577 0.544048 0.040939 0.015625
0 0.454082 0.530339 0.016815 0.012884
0 0.443484 0.521017 0.018277 0.013983
0 0.414787 0.529516 0.011333 0.009048
0 0.396875 0.518687 0.020106 0.008772
0 0.415336 0.521016 0.013158 0.008500
0 0.395957 0.506620 0.021941 0.018100
0 0.408938 0.504156 0.017183 0.018093
0 0.413515 0.507852 0.012414 0.018929
0 0.418442 0.501414 0.011329 0.010417
0 0.426119 0.514573 0.009137 0.016999
0 0.472927 0.514492 0.012917 0.009687
0 0.361683 0.468559 0.015430 0.009687
0 0.341073 0.463867 0.014157 0.016572
0 0.350650 0.458557 0.032497 0.010317
0 0.381480 0.455123 0.011663 0.007810
0 0.660985 0.430381 0.082553 0.041466
0 0.600853 0.435487 0.015728 0.016709
0 0.606625 0.423013 0.017285 0.010610
0 0.608719 0.422029 0.012054 0.008646
0 0.411673 0.453571 0.015866 0.030412
0 0.421194 0.440348 0.016574 0.017190
0 0.426835 0.441803 0.015866 0.008993
0 0.436004 0.437837 0.015162 0.016925
0 0.570723 0.425665 0.016769 0.012381
0 0.547533 0.434606 0.011270 0.018472
0 0.558482 0.458854 0.019544 0.008234
0 0.510797 0.438905 0.012229 0.016049
0 0.516300 0.453578 0.013452 0.023385
0 0.501678 0.420133 0.018502 0.006307
0 0.460041 0.445681 0.040367 0.013247
0 0.460676 0.450884 0.020605 0.007884
0 0.456680 0.442369 0.010933 0.009147
0 0.461306 0.438584 0.023552 0.023026
0 0.501961 0.382439 0.008459 0.028127
0 0.510086 0.384065 0.011905 0.027257
0 0.479666 0.404134 0.009147 0.007376
0 0.543011 0.398814 0.058092 0.005665
0 0.573995 0.394191 0.020807 0.014226
0 0.575706 0.399164 0.033839 0.012515
0 0.573535 0.407650 0.020351 0.009263
0 0.568271 0.407651 0.043221 0.015799
0 0.542779 0.403620 0.028356 0.015950
0 0.534805 0.441952 0.028604 0.059499
0 0.431948 0.410862 0.023975 0.013752
0 0.474554 0.432433 0.018922 0.007569
0 0.433340 0.443631 0.016402 0.012302
0 0.421566 0.454984 0.018925 0.025548
0 0.431658 0.461608 0.032384 0.023023
0 0.444904 0.448834 0.019345 0.006310
0 0.453104 0.407515 0.030698 0.024603
0 0.471819 0.397423 0.010093 0.014509
0 0.446377 0.427545 0.011353 0.008517
0 0.452687 0.420290 0.015559 0.017976
0 0.472030 0.420605 0.026495 0.020501
0 0.496768 0.428771 0.009785 0.007066
0 0.425394 0.496565 0.025007 0.026364
0 0.432639 0.484883 0.014854 0.010055
0 0.431009 0.490455 0.018115 0.011957
0 0.442417 0.496296 0.014861 0.013311
0 0.450398 0.500650 0.012695 0.013304
0 0.470137 0.502276 0.031882 0.011684
0 0.464024 0.364618 0.017731 0.018800
0 0.451186 0.368286 0.039739 0.020635
0 0.442320 0.355448 0.036683 0.010548
0 0.431314 0.362326 0.018343 0.022470
0 0.424590 0.366683 0.023234 0.036684
0 0.429783 0.378146 0.018958 0.017423
0 0.423686 0.384107 0.014038 0.014673
0 0.421225 0.391673 0.011617 0.009630
0 0.423062 0.397634 0.016508 0.011463
0 0.437740 0.393506 0.021412 0.011466
0 0.569793 0.474669 0.014051 0.014219
0 0.453671 0.491963 0.018439 0.009705
0 0.461116 0.484928 0.034600 0.013586
0 0.456581 0.487597 0.017791 0.013586
0 0.472594 0.483714 0.017470 0.013589
0 0.471300 0.477041 0.029114 0.010918
0 0.496371 0.486262 0.034613 0.027902
0 0.491033 0.485048 0.019408 0.023534
0 0.511898 0.507488 0.052083 0.007287
0 0.459979 0.470252 0.023297 0.011882
0 0.492808 0.467696 0.037202 0.007763
0 0.483107 0.471219 0.017794 0.007036
0 0.530984 0.467096 0.013264 0.013829
0 0.519987 0.478013 0.031376 0.016741
0 0.525648 0.484805 0.014881 0.009462
0 0.535676 0.488445 0.017470 0.019653
0 0.534382 0.505551 0.029114 0.022808
0 0.505428 0.517075 0.011968 0.010920
0 0.488930 0.513435 0.019732 0.007520
0 0.487960 0.512102 0.028790 0.009705
0 0.587517 0.511946 0.028406 0.013425
0 0.585780 0.507453 0.019921 0.007470
0 0.575820 0.504743 0.012950 0.013261
0 0.562621 0.508760 0.008965 0.012326
0 0.571462 0.511188 0.010708 0.009340
0 0.546186 0.518845 0.020420 0.020171
0 0.538714 0.507078 0.009464 0.016062
0 0.547312 0.499236 0.010694 0.009335
0 0.549306 0.451868 0.039484 0.021195
0 0.488254 0.411515 0.018115 0.008423
0 0.488072 0.415863 0.009061 0.018204
0 0.492057 0.406896 0.028624 0.008966
0 0.504557 0.403092 0.025364 0.009511
0 0.503290 0.402005 0.031521 0.008966
0 0.516513 0.407032 0.047100 0.016848
0 0.522318 0.403227 0.031872 0.013586
0 0.547669 0.508480 0.016435 0.014380
0 0.565610 0.478969 0.013449 0.019611
0 0.574451 0.486254 0.018677 0.011019
0 0.380109 0.489137 0.028935 0.018502
0 0.561870 0.489334 0.012960 0.019794
0 0.555276 0.486720 0.016187 0.019799
0 0.556768 0.491203 0.016187 0.011954
0 0.546564 0.489616 0.008208 0.012515
0 0.533110 0.498860 0.016187 0.010459
0 0.527621 0.517742 0.010188 0.013926
0 0.402235 0.400213 0.020324 0.007748
0 0.342923 0.420453 0.016997 0.022240
0 0.351090 0.417830 0.011326 0.007996
0 0.345425 0.435324 0.013330 0.007999
0 0.346093 0.430201 0.012662 0.015243
0 0.358429 0.428185 0.012341 0.009256
0 0.364425 0.441407 0.012341 0.017190
0 0.366186 0.438362 0.025036 0.014819
0 0.396687 0.450531 0.013399 0.010050
0 0.394577 0.437180 0.008466 0.009777
0 0.369712 0.467324 0.013750 0.013487
0 0.382583 0.469043 0.009874 0.015337
0 0.383461 0.472088 0.021505 0.026171
0 0.399861 0.479488 0.011283 0.009784
0 0.409557 0.477638 0.012341 0.007671
0 0.401103 0.470100 0.012325 0.010578
0 0.410435 0.473136 0.019739 0.007681
0 0.409557 0.474199 0.019392 0.006612
0 0.441291 0.465076 0.013046 0.017984
0 0.394396 0.413243 0.014454 0.009521
0 0.411319 0.428449 0.012341 0.008197
0 0.389105 0.438366 0.010228 0.008993
0 0.399509 0.416151 0.010579 0.010580
0 0.404974 0.442200 0.024332 0.051567
0 0.473601 0.489911 0.029147 0.024335
0 0.486252 0.500428 0.028046 0.013197
