0 0.290013 0.318948 0.026455 0.012401
0 0.215608 0.491319 0.019841 0.022321
0 0.685185 0.559524 0.039683 0.047123
0 0.678571 0.545883 0.026455 0.014881
0 0.686839 0.566964 0.029762 0.017361
0 0.394180 0.565724 0.019841 0.014881
0 0.585979 0.470238 0.026455 0.017361
0 0.333003 0.513641 0.023148 0.014881
0 0.285053 0.428075 0.019841 0.017361
0 0.328042 0.439236 0.039683 0.009921
0 0.547950 0.555804 0.023148 0.014881
0 0.152778 0.461558 0.026455 0.014881
0 0.372685 0.437996 0.036376 0.012401
0 0.394180 0.433036 0.013228 0.027282
0 0.213955 0.466518 0.062831 0.052083
0 0.759590 0.537202 0.029762 0.017361
0 0.706680 0.514881 0.016534 0.017361
0 0.728175 0.519841 0.026455 0.017361
0 0.792659 0.502480 0.016534 0.047123
0 0.764550 0.512401 0.046296 0.012401
0 0.769511 0.519841 0.016534 0.022321
0 0.792659 0.508681 0.029762 0.014881
0 0.676918 0.496280 0.016534 0.019841
0 0.645503 0.447917 0.019841 0.017361
0 0.748016 0.456597 0.019841 0.009921
0 0.736442 0.446677 0.013228 0.017361
0 0.405754 0.658730 0.016534 0.017361
0 0.461971 0.456597 0.023148 0.019841
0 0.485119 0.444196 0.023148 0.014881
0 0.428902 0.633929 0.029762 0.009921
0 0.643849 0.528522 0.049603 0.014881
0 0.612434 0.518601 0.013228 0.024802
0 0.607474 0.511161 0.016534 0.019841
0 0.564484 0.446677 0.029762 0.019841
0 0.698413 0.451637 0.019841 0.009921
0 0.728175 0.497520 0.019841 0.017361
0 0.195767 0.380952 0.013228 0.022321
0 0.443783 0.684772 0.026455 0.012401
0 0.452050 0.671131 0.026455 0.014881
0 0.564484 0.638889 0.023148 0.012401
0 0.627315 0.625248 0.016534 0.019841
0 0.561177 0.672371 0.026455 0.009921
0 0.607474 0.678571 0.023148 0.017361
0 0.721561 0.601687 0.026455 0.012401
0 0.718254 0.609127 0.026455 0.012401
0 0.119709 0.439236 0.039683 0.044643
0 0.139550 0.418155 0.072751 0.027282
0 0.144511 0.414435 0.016534 0.024802
0 0.167659 0.371032 0.023148 0.027282
0 0.185847 0.392113 0.033069 0.034722
0 0.124669 0.372272 0.023148 0.047123
0 0.119709 0.366071 0.016534 0.019841
0 0.166005 0.337550 0.052910 0.034722
0 0.149471 0.313988 0.026455 0.012401
0 0.139550 0.322669 0.026455 0.027282
0 0.126323 0.287946 0.019841 0.009921
0 0.132937 0.270585 0.013228 0.017361
0 0.166005 0.245784 0.019841 0.017361
0 0.283399 0.243304 0.016534 0.019841
0 0.187500 0.286706 0.023148 0.012401
0 0.197421 0.301587 0.023148 0.012401
0 0.199074 0.290427 0.046296 0.027282
0 0.232143 0.299107 0.016534 0.027282
0 0.280093 0.285466 0.026455 0.014881
0 0.301587 0.289187 0.016534 0.019841
0 0.390873 0.305308 0.026455 0.017361
0 0.485119 0.316468 0.023148 0.017361
0 0.324735 0.273065 0.013228 0.017361
0 0.342923 0.275546 0.039683 0.022321
0 0.719907 0.374752 0.066138 0.019841
0 0.270172 0.317708 0.033069 0.032242
0 0.245370 0.321429 0.042989 0.029762
0 0.346230 0.343750 0.033069 0.012401
0 0.382606 0.332589 0.013228 0.014881
0 0.423942 0.278026 0.009921 0.019841
0 0.412368 0.216022 0.026455 0.009921
0 0.397487 0.344990 0.023148 0.022321
0 0.513228 0.316468 0.016534 0.024802
0 0.571098 0.352431 0.016534 0.014881
0 0.764550 0.340030 0.029762 0.009921
0 0.781085 0.294147 0.023148 0.012401
0 0.771164 0.428075 0.016534 0.022321
0 0.683532 0.409474 0.013228 0.017361
0 0.658730 0.378472 0.019841 0.012401
0 0.647156 0.344990 0.023148 0.014881
0 0.685185 0.349950 0.016534 0.012401
0 0.744709 0.414435 0.013228 0.017361
0 0.741402 0.404514 0.019841 0.022321
0 0.756283 0.406994 0.029762 0.014881
0 0.752976 0.403274 0.023148 0.024802
0 0.412368 0.380952 0.016534 0.029762
0 0.690146 0.375992 0.016534 0.017361
0 0.581019 0.430556 0.029762 0.012401
0 0.581019 0.424355 0.036376 0.014881
0 0.559524 0.423115 0.079365 0.027282
0 0.716601 0.379712 0.016534 0.024802
0 0.551257 0.353671 0.016534 0.012401
0 0.708333 0.408234 0.013228 0.024802
0 0.766204 0.371032 0.033069 0.009921
0 0.738095 0.383433 0.033069 0.029762
0 0.691799 0.393353 0.016534 0.014881
0 0.726521 0.364831 0.019841 0.019841
0 0.579365 0.312748 0.016534 0.012401
0 0.481812 0.371032 0.029762 0.012401
0 0.447090 0.348710 0.072751 0.014881
0 0.723214 0.434276 0.029762 0.014881
0 0.723214 0.435516 0.029762 0.012401
0 0.824074 0.393353 0.013228 0.024802
0 0.819114 0.389633 0.023148 0.019841
0 0.799272 0.390873 0.019841 0.032242
0 0.794312 0.410714 0.019841 0.044643
0 0.774471 0.403274 0.013228 0.022321
0 0.513228 0.364831 0.036376 0.042163
0 0.524802 0.361111 0.033069 0.059524
0 0.500000 0.253224 0.023148 0.012401
0 0.501653 0.263145 0.033069 0.047123
0 0.546296 0.247024 0.023148 0.012401
0 0.581019 0.256944 0.023148 0.019841
0 0.599206 0.211062 0.026455 0.007440
0 0.607474 0.228423 0.013228 0.017361
0 0.605820 0.316468 0.039683 0.022321
0 0.637235 0.301587 0.029762 0.029762
0 0.632275 0.301587 0.023148 0.022321
0 0.668651 0.202381 0.016534 0.014881
0 0.708333 0.219742 0.023148 0.007440
0 0.612434 0.170139 0.026455 0.012401
0 0.452050 0.206101 0.009921 0.022321
0 0.665344 0.258185 0.029762 0.007440
0 0.519841 0.165179 0.013228 0.017361
0 0.319775 0.166419 0.029762 0.017361
0 0.582672 0.170139 0.023148 0.019841
0 0.571098 0.175099 0.019841 0.019841
0 0.663690 0.222222 0.062831 0.017361
0 0.630622 0.243304 0.033069 0.042163
0 0.678571 0.300347 0.036376 0.027282
0 0.665344 0.290427 0.042989 0.062004
