0 0.428606 0.340572 0.013026 0.017676
0 0.716849 0.326617 0.010218 0.010233
0 0.682110 0.331037 0.012103 0.021399
0 0.685056 0.345573 0.017983 0.012326
0 0.681496 0.385573 0.019547 0.013259
0 0.635913 0.385228 0.023876 0.011627
0 0.643800 0.368015 0.024173 0.013956
0 0.663661 0.412320 0.024808 0.009536
0 0.587996 0.342204 0.023545 0.012086
0 0.601640 0.341618 0.027288 0.009070
0 0.356399 0.372331 0.009623 0.018150
0 0.348793 0.368951 0.021197 0.015084
0 0.338922 0.366895 0.027778 0.010972
0 0.339654 0.376499 0.016081 0.016441
0 0.337275 0.382114 0.013525 0.020563
0 0.333254 0.384856 0.023029 0.007951
0 0.331796 0.391298 0.023776 0.007676
0 0.369631 0.388287 0.010956 0.019184
0 0.487153 0.358048 0.012533 0.017684
0 0.587201 0.373006 0.018654 0.014415
0 0.371521 0.325169 0.022434 0.004802
0 0.367149 0.328444 0.023009 0.003495
0 0.356663 0.336200 0.030000 0.005030
0 0.461905 0.369843 0.021210 0.007240
0 0.526070 0.375490 0.026035 0.006436
0 0.371156 0.433281 0.013145 0.016513
0 0.348733 0.452717 0.014504 0.012279
0 0.381353 0.383137 0.026581 0.013695
0 0.657774 0.445021 0.025985 0.013256
0 0.587095 0.389720 0.008647 0.014608
0 0.596106 0.380532 0.020916 0.015677
0 0.566181 0.424473 0.018029 0.007304
0 0.550308 0.432179 0.007917 0.020553
0 0.554281 0.444077 0.015142 0.012981
0 0.340136 0.341820 0.027665 0.005942
0 0.340139 0.346147 0.008816 0.007755
0 0.411147 0.379332 0.025536 0.006158
0 0.337698 0.355608 0.020966 0.010273
0 0.252558 0.445811 0.024031 0.004559
0 0.262599 0.443986 0.019775 0.015055
0 0.276290 0.428023 0.023413 0.011404
0 0.287679 0.417411 0.028598 0.006151
0 0.298942 0.420041 0.021892 0.014139
0 0.336789 0.433952 0.025231 0.005474
0 0.370397 0.409436 0.027368 0.005702
0 0.298396 0.446875 0.006184 0.017520
0 0.395726 0.391194 0.009110 0.020136
0 0.387120 0.385157 0.011276 0.012478
0 0.363413 0.395136 0.011700 0.012063
0 0.321736 0.417076 0.010959 0.017535
0 0.352991 0.431734 0.024501 0.007961
0 0.342945 0.397473 0.030711 0.007941
0 0.334534 0.403637 0.018280 0.014804
0 0.342209 0.410079 0.016085 0.016726
0 0.347145 0.412684 0.017913 0.016448
0 0.363226 0.421187 0.022292 0.013703
0 0.368530 0.447228 0.009507 0.017547
0 0.248198 0.639087 0.016700 0.022619
0 0.261508 0.658404 0.019537 0.017220
0 0.277136 0.644115 0.023452 0.007693
0 0.308897 0.648695 0.020506 0.010992
0 0.320858 0.650711 0.011233 0.018683
0 0.331844 0.651260 0.013687 0.018318
0 0.340642 0.654190 0.013677 0.012458
0 0.182138 0.450609 0.018972 0.006972
0 0.183813 0.460652 0.023049 0.006969
0 0.200557 0.443631 0.026796 0.018135
0 0.218406 0.454100 0.019339 0.012267
0 0.233108 0.467910 0.032354 0.006987
0 0.257654 0.475574 0.015248 0.013400
0 0.209851 0.484364 0.026786 0.006967
0 0.196830 0.487436 0.024554 0.009206
0 0.125218 0.537107 0.014511 0.011451
0 0.182880 0.554958 0.010046 0.019251
0 0.189762 0.555937 0.016369 0.012282
0 0.109406 0.526498 0.012649 0.018135
0 0.217290 0.500549 0.023072 0.008093
0 0.196452 0.499151 0.028261 0.011446
0 0.185671 0.507944 0.017110 0.015625
0 0.199246 0.518130 0.018968 0.012550
0 0.237566 0.564444 0.021958 0.011438
0 0.246296 0.544079 0.026786 0.015340
0 0.490914 0.523016 0.012278 0.015079
0 0.303980 0.484370 0.010427 0.016458
0 0.300810 0.479205 0.013763 0.018415
0 0.282302 0.496675 0.026574 0.008976
0 0.250585 0.500807 0.010536 0.017587
0 0.263029 0.504664 0.022024 0.014184
0 0.268533 0.501163 0.027285 0.007902
0 0.347416 0.552959 0.009335 0.019926
0 0.323361 0.560681 0.019144 0.007721
0 0.393495 0.554665 0.011012 0.019390
0 0.432994 0.559158 0.018667 0.011124
0 0.229150 0.507268 0.027546 0.008976
0 0.248781 0.520378 0.015069 0.011838
0 0.235263 0.517586 0.015321 0.009526
0 0.230473 0.512923 0.018194 0.006644
0 0.224838 0.511907 0.025536 0.013041
0 0.258801 0.610140 0.019567 0.009779
0 0.231630 0.601786 0.023909 0.009375
0 0.197660 0.591188 0.021194 0.014266
0 0.201736 0.600155 0.017361 0.013455
0 0.220479 0.631548 0.014663 0.019147
0 0.305010 0.598322 0.022851 0.008966
0 0.283800 0.628893 0.016303 0.013043
0 0.356354 0.567548 0.013588 0.018341
0 0.319263 0.526525 0.014914 0.034549
0 0.326819 0.512884 0.042791 0.030878
0 0.375132 0.533367 0.015476 0.013757
0 0.409567 0.532449 0.014266 0.014978
0 0.285448 0.595882 0.014679 0.017116
0 0.293609 0.572805 0.007325 0.019866
0 0.284231 0.579528 0.013039 0.014978
0 0.266295 0.550485 0.011412 0.016813
0 0.267917 0.556908 0.011429 0.017433
0 0.279785 0.555651 0.012229 0.018648
0 0.290790 0.544954 0.016303 0.018033
0 0.276939 0.543125 0.015499 0.011300
0 0.295071 0.546021 0.024864 0.012225
0 0.242078 0.636515 0.011809 0.012217
0 0.399988 0.432999 0.010513 0.009306
0 0.408087 0.442542 0.020400 0.009142
0 0.382837 0.470211 0.025860 0.010263
0 0.414286 0.464697 0.012196 0.006151
0 0.469848 0.648145 0.018069 0.015754
0 0.398519 0.583855 0.019034 0.008782
0 0.383390 0.582564 0.022970 0.011359
0 0.401354 0.620273 0.018714 0.011984
0 0.389268 0.637851 0.018092 0.014045
0 0.392836 0.655285 0.020195 0.006305
0 0.427960 0.629100 0.022718 0.018616
0 0.422173 0.642587 0.011144 0.013720
0 0.422702 0.655438 0.016832 0.018614
0 0.590488 0.648189 0.016822 0.013557
0 0.538037 0.597636 0.020387 0.012763
0 0.593552 0.602453 0.020833 0.012297
0 0.531200 0.573508 0.021858 0.014675
0 0.539608 0.569097 0.027331 0.006151
0 0.537912 0.500063 0.016498 0.010146
0 0.538836 0.470419 0.017434 0.007902
0 0.562771 0.509607 0.009868 0.008251
0 0.586149 0.517436 0.016260 0.017708
0 0.596819 0.526285 0.020185 0.014772
0 0.600815 0.517423 0.019468 0.010491
0 0.554435 0.571623 0.016607 0.017502
0 0.580402 0.549385 0.013879 0.010883
0 0.594919 0.554981 0.018099 0.013881
0 0.622568 0.570595 0.020407 0.012619
0 0.639175 0.564840 0.009038 0.022552
0 0.633907 0.550015 0.021253 0.007411
0 0.595549 0.538659 0.026481 0.010255
0 0.429643 0.500655 0.020595 0.011513
0 0.419641 0.517692 0.017860 0.009293
0 0.415443 0.512319 0.019974 0.016255
0 0.397363 0.515634 0.020387 0.021297
0 0.473371 0.477866 0.017245 0.008832
0 0.436786 0.460124 0.010933 0.016558
0 0.450463 0.479050 0.008399 0.015293
0 0.474319 0.464618 0.023763 0.006939
0 0.459706 0.470532 0.019345 0.014983
0 0.494400 0.465092 0.009673 0.006622
0 0.590162 0.466121 0.027017 0.009623
0 0.558188 0.481679 0.019008 0.015293
0 0.565187 0.490701 0.015129 0.014437
0 0.583977 0.458127 0.022920 0.008765
0 0.471511 0.431262 0.025099 0.010293
0 0.491050 0.422152 0.034679 0.008341
0 0.470086 0.423211 0.022778 0.009715
0 0.472421 0.409628 0.011905 0.017470
0 0.462841 0.409141 0.012943 0.019224
0 0.675367 0.473209 0.022745 0.010952
0 0.430989 0.375384 0.010853 0.020124
0 0.442693 0.367104 0.017986 0.008663
0 0.456123 0.381628 0.021749 0.008147
0 0.445420 0.378441 0.008499 0.019616
0 0.483796 0.373983 0.007804 0.019871
0 0.492631 0.369652 0.016644 0.009680
0 0.502312 0.373983 0.016303 0.012738
0 0.512336 0.381498 0.017993 0.007386
0 0.519296 0.383531 0.016303 0.008926
0 0.523538 0.390286 0.016653 0.013757
0 0.539848 0.390675 0.019378 0.017063
0 0.544603 0.399712 0.022077 0.012738
0 0.522860 0.427868 0.019358 0.016550
0 0.569737 0.459325 0.010532 0.015794
0 0.574109 0.438843 0.019640 0.010672
0 0.509937 0.459998 0.019676 0.011840
0 0.507353 0.457086 0.025883 0.007569
0 0.495570 0.450683 0.017325 0.016496
0 0.484590 0.447674 0.022751 0.008929
0 0.446405 0.442917 0.015787 0.010288
0 0.450936 0.443787 0.013975 0.017088
0 0.452875 0.445828 0.011128 0.019990
0 0.497913 0.392648 0.015284 0.014164
0 0.504501 0.402641 0.015020 0.014752
0 0.490010 0.401672 0.015536 0.012421
0 0.477583 0.391967 0.009332 0.017857
0 0.399560 0.412158 0.010099 0.014375
0 0.509554 0.430397 0.009054 0.016305
0 0.499719 0.432822 0.019411 0.012619
0 0.503604 0.421756 0.020437 0.013403
0 0.491961 0.430393 0.023538 0.006223
0 0.484446 0.435536 0.016313 0.016508
0 0.448859 0.425642 0.007771 0.016498
0 0.422851 0.432329 0.019907 0.010094
0 0.415608 0.424958 0.020437 0.013209
0 0.439425 0.416035 0.016812 0.014754
0 0.554712 0.447574 0.010351 0.013393
0 0.555103 0.460780 0.016819 0.011441
0 0.423633 0.395848 0.026657 0.007376
0 0.745461 0.505977 0.028456 0.006845
0 0.711592 0.520072 0.015374 0.015372
0 0.719841 0.498721 0.025066 0.012810
0 0.694788 0.501715 0.021653 0.017071
0 0.664054 0.597148 0.026190 0.010665
0 0.685117 0.553593 0.023912 0.020925
0 0.426062 0.398800 0.017083 0.018790
0 0.415529 0.409689 0.021065 0.014090
0 0.407273 0.412037 0.015942 0.012810
0 0.421508 0.408409 0.026190 0.017507
0 0.409264 0.412252 0.016511 0.010675
0 0.427201 0.418870 0.029606 0.013663
0 0.452245 0.399232 0.017070 0.012800
0 0.454815 0.398586 0.019927 0.011528
0 0.451687 0.402431 0.031878 0.009821
0 0.448266 0.408408 0.015942 0.016652
0 0.453104 0.409051 0.011961 0.015379
0 0.453676 0.416522 0.011954 0.010677
0 0.459681 0.418749 0.017517 0.017517
0 0.660683 0.496544 0.018720 0.013609
0 0.669430 0.530768 0.015367 0.012909
0 0.626715 0.498733 0.020890 0.011057
0 0.614716 0.493663 0.012897 0.015203
0 0.610420 0.477409 0.020906 0.014983
0 0.611030 0.483517 0.025830 0.017059
0 0.603201 0.488934 0.024279 0.016825
0 0.648796 0.515806 0.021204 0.010159
0 0.656331 0.516571 0.021981 0.013227
0 0.657234 0.508527 0.020685 0.019732
0 0.662975 0.524329 0.008178 0.008827
0 0.794598 0.478524 0.020942 0.006900
0 0.411422 0.451628 0.028016 0.006381
0 0.399253 0.462398 0.009187 0.022396
0 0.410162 0.456713 0.017229 0.011714
0 0.433702 0.475657 0.024812 0.014459
0 0.429570 0.476782 0.016078 0.010161
0 0.497950 0.164229 0.019246 0.009608
0 0.324585 0.216853 0.017298 0.019717
0 0.273629 0.255312 0.025625 0.009132
0 0.319130 0.262042 0.021792 0.008172
0 0.351189 0.252665 0.020499 0.014412
0 0.386756 0.260365 0.023710 0.007684
0 0.412391 0.282711 0.018585 0.015863
0 0.413181 0.299562 0.025073 0.006525
0 0.435696 0.309349 0.006650 0.020722
0 0.236644 0.291886 0.013816 0.013435
0 0.292164 0.311075 0.009210 0.014968
0 0.094775 0.377847 0.019841 0.009117
0 0.136524 0.375367 0.011872 0.009911
0 0.123647 0.378473 0.019716 0.014452
0 0.122975 0.387211 0.022404 0.009075
0 0.115240 0.428547 0.019501 0.009072
0 0.148853 0.420987 0.022176 0.008065
0 0.210121 0.421411 0.015671 0.014945
0 0.194560 0.420812 0.017692 0.016476
0 0.234987 0.363438 0.025992 0.006885
0 0.207667 0.400983 0.013899 0.015806
0 0.196791 0.402335 0.025327 0.013103
0 0.076042 0.471395 0.013657 0.015459
0 0.035149 0.477355 0.008036 0.018663
0 0.097106 0.494499 0.021726 0.007897
0 0.301688 0.385568 0.015995 0.017113
0 0.316870 0.380624 0.008720 0.018886
0 0.301703 0.434349 0.022586 0.008827
0 0.236291 0.437357 0.014587 0.016927
0 0.303340 0.402418 0.012235 0.006374
0 0.289463 0.399776 0.022596 0.006694
0 0.315923 0.396057 0.026091 0.006696
0 0.258166 0.403211 0.011763 0.015350
0 0.266761 0.404272 0.018595 0.014993
0 0.267338 0.392717 0.023988 0.004581
0 0.262523 0.398359 0.017639 0.013058
0 0.280503 0.303620 0.007513 0.018013
0 0.276935 0.295959 0.010417 0.019893
0 0.346114 0.292597 0.010417 0.022316
0 0.339127 0.304157 0.011455 0.016399
0 0.345916 0.295828 0.024372 0.008323
0 0.524094 0.344483 0.021521 0.006724
0 0.462783 0.317733 0.023641 0.005903
0 0.456151 0.322031 0.025463 0.006463
0 0.500430 0.339906 0.025066 0.008333
0 0.399162 0.361285 0.027603 0.006994
0 0.389193 0.348165 0.007989 0.019583
0 0.378495 0.357956 0.009173 0.015526
0 0.180060 0.334482 0.008929 0.009191
0 0.214177 0.320200 0.017877 0.011644
0 0.237698 0.331047 0.010847 0.016062
0 0.230055 0.344547 0.006822 0.014115
0 0.205002 0.363601 0.023052 0.013056
0 0.221468 0.356016 0.021177 0.009174
0 0.252283 0.338378 0.020698 0.011280
0 0.250875 0.384686 0.011293 0.019938
0 0.260167 0.307143 0.019527 0.012351
0 0.272040 0.380806 0.023512 0.008289
0 0.310632 0.352406 0.018816 0.007937
0 0.297682 0.360601 0.019306 0.010588
0 0.280389 0.323725 0.012960 0.010942
0 0.274039 0.362361 0.025658 0.006716
0 0.277811 0.350637 0.016270 0.017108
0 0.298036 0.332285 0.024709 0.013232
0 0.310279 0.342691 0.022827 0.017475
0 0.347363 0.322977 0.021511 0.006724
0 0.365823 0.320423 0.026885 0.007527
0 0.421015 0.324530 0.025099 0.010221
0 0.424888 0.347553 0.028532 0.005573
0 0.422102 0.333363 0.010559 0.016746
