0 0.526786 0.575149 0.019841 0.012401
0 0.403108 0.494544 0.066138 0.014881
0 0.450397 0.718254 0.016534 0.014881
0 0.423942 0.718998 0.016534 0.007440
0 0.594246 0.678075 0.013228 0.014881
0 0.684193 0.349454 0.023148 0.009921
0 0.646495 0.375248 0.033069 0.012401
0 0.630622 0.661210 0.013228 0.009921
0 0.389550 0.477431 0.023148 0.012401
0 0.250992 0.509177 0.016534 0.009921
0 0.375331 0.398065 0.026455 0.012401
0 0.363426 0.403026 0.019841 0.012401
0 0.330688 0.422371 0.023148 0.012401
0 0.379630 0.465774 0.016534 0.014881
0 0.440476 0.413194 0.023148 0.014881
0 0.449405 0.420635 0.019841 0.009921
0 0.431548 0.421131 0.019841 0.009921
0 0.428902 0.408234 0.019841 0.014881
0 0.362434 0.443948 0.016534 0.014881
0 0.354828 0.454861 0.019841 0.009921
0 0.410714 0.392609 0.016534 0.012401
0 0.334656 0.398810 0.016534 0.009921
0 0.352844 0.365327 0.019841 0.012401
0 0.478505 0.503720 0.013228 0.012401
0 0.461971 0.501736 0.013228 0.012401
0 0.408069 0.423115 0.023148 0.014881
0 0.410714 0.412450 0.023148 0.007440
0 0.402447 0.403770 0.019841 0.009921
0 0.243717 0.428819 0.013228 0.012401
0 0.473876 0.584821 0.013228 0.014881
0 0.466931 0.525298 0.023148 0.014881
0 0.456680 0.535218 0.019841 0.009921
0 0.471561 0.538938 0.016534 0.012401
0 0.592593 0.626984 0.023148 0.014881
0 0.589286 0.635913 0.016534 0.009921
0 0.584987 0.643601 0.013228 0.012401
0 0.299934 0.429812 0.033069 0.012401
0 0.296627 0.438740 0.013228 0.007440
0 0.299934 0.435020 0.026455 0.019841
0 0.389220 0.417659 0.013228 0.014881
0 0.436177 0.473214 0.026455 0.009921
0 0.326389 0.442460 0.013228 0.014881
0 0.162698 0.497024 0.016534 0.019841
0 0.457341 0.455853 0.026455 0.009921
0 0.435185 0.463294 0.016534 0.009921
0 0.488426 0.457093 0.019841 0.012401
0 0.533069 0.596230 0.023148 0.009921
0 0.536376 0.597966 0.029762 0.017361
0 0.421627 0.510665 0.013228 0.012401
0 0.394841 0.489583 0.023148 0.009921
0 0.428902 0.513145 0.033069 0.032242
0 0.401124 0.511905 0.013228 0.014881
0 0.193783 0.506448 0.023148 0.014881
0 0.237103 0.544395 0.019841 0.012401
0 0.386243 0.545387 0.029762 0.027282
0 0.382275 0.536458 0.023148 0.017361
0 0.748347 0.463790 0.019841 0.014881
0 0.642196 0.524802 0.023148 0.014881
0 0.563492 0.504960 0.019841 0.019841
0 0.313161 0.701141 0.019841 0.017361
0 0.536376 0.682292 0.029762 0.017361
0 0.299934 0.549107 0.019841 0.014881
0 0.152778 0.523065 0.016534 0.012401
0 0.697751 0.433532 0.019841 0.012401
0 0.680225 0.426339 0.033069 0.014881
0 0.679233 0.423115 0.019841 0.019841
0 0.195767 0.600694 0.016534 0.009921
0 0.685185 0.542659 0.023148 0.009921
0 0.670304 0.575645 0.033069 0.017361
0 0.666997 0.584821 0.026455 0.014881
0 0.542989 0.693204 0.029762 0.022321
0 0.463624 0.684772 0.016534 0.012401
0 0.147817 0.479911 0.019841 0.012401
0 0.546296 0.656994 0.023148 0.012401
0 0.728836 0.438864 0.016534 0.020089
0 0.697421 0.488343 0.026455 0.017361
0 0.708333 0.483631 0.023148 0.014881
0 0.464286 0.624752 0.023148 0.012401
0 0.479828 0.619792 0.013228 0.012401
0 0.505952 0.602431 0.016534 0.007440
0 0.512566 0.606151 0.016534 0.009921
0 0.492725 0.597470 0.016534 0.012401
0 0.463294 0.513145 0.019841 0.012401
0 0.592923 0.589782 0.019841 0.014881
0 0.581349 0.593502 0.016534 0.022321
0 0.436177 0.488839 0.026455 0.012401
0 0.494048 0.484623 0.016534 0.014881
0 0.613426 0.405754 0.016534 0.014881
0 0.618056 0.551339 0.023148 0.009921
0 0.203373 0.626984 0.016534 0.012401
0 0.432870 0.637153 0.009921 0.019841
0 0.335648 0.674851 0.016534 0.012401
0 0.326389 0.670387 0.033069 0.009921
0 0.255291 0.634425 0.023148 0.012401
0 0.252646 0.641369 0.019841 0.014881
0 0.319775 0.651786 0.019841 0.012401
0 0.286706 0.624008 0.019841 0.019841
0 0.236442 0.666667 0.023148 0.017361
0 0.295635 0.609871 0.019841 0.019841
0 0.309854 0.610863 0.026455 0.014881
0 0.387566 0.623264 0.023148 0.009921
0 0.352183 0.563988 0.016534 0.012401
0 0.280093 0.664187 0.013228 0.012401
0 0.271164 0.668651 0.019841 0.019841
0 0.641204 0.580605 0.016534 0.012401
0 0.626323 0.578125 0.033069 0.012401
0 0.617394 0.570685 0.019841 0.022321
0 0.366733 0.573909 0.042989 0.017361
0 0.371032 0.574405 0.016534 0.009921
0 0.421296 0.584821 0.033069 0.007440
0 0.438161 0.593006 0.016534 0.012401
0 0.558532 0.402530 0.016534 0.014881
0 0.545635 0.404018 0.019841 0.019841
0 0.205688 0.291171 0.023148 0.017361
0 0.607474 0.463294 0.026455 0.017361
0 0.594246 0.464038 0.019841 0.017361
0 0.537368 0.460317 0.016534 0.019841
0 0.520503 0.377232 0.019841 0.017361
0 0.495701 0.408978 0.023148 0.019841
0 0.471892 0.273810 0.026455 0.012401
0 0.570106 0.360367 0.026455 0.009921
0 0.531415 0.323165 0.026455 0.014881
0 0.462963 0.345486 0.026455 0.014881
0 0.543651 0.531002 0.019841 0.012401
0 0.388558 0.334573 0.023148 0.009921
0 0.448082 0.334573 0.023148 0.014881
0 0.581680 0.288690 0.023148 0.012401
0 0.514220 0.314732 0.016534 0.009921
0 0.447090 0.304812 0.023148 0.009921
0 0.467593 0.335813 0.026455 0.022321
0 0.471892 0.336806 0.019841 0.022321
0 0.342923 0.336806 0.019841 0.012401
0 0.218915 0.374008 0.023148 0.007440
0 0.283399 0.374008 0.013228 0.012401
0 0.513889 0.527778 0.019841 0.017361
0 0.396495 0.358135 0.036376 0.012401
0 0.394841 0.352431 0.019841 0.012401
0 0.561839 0.635913 0.023148 0.007440
0 0.539683 0.486359 0.023148 0.017361
0 0.494048 0.530258 0.019841 0.012401
0 0.573413 0.427331 0.033069 0.009921
0 0.568452 0.436012 0.023148 0.012401
0 0.408069 0.624504 0.013228 0.017361
0 0.491733 0.430556 0.013228 0.019841
0 0.504960 0.436756 0.026455 0.032242
0 0.501653 0.442460 0.019841 0.017361
0 0.466601 0.484623 0.019841 0.014881
0 0.471892 0.477183 0.013228 0.014881
0 0.495370 0.498264 0.016534 0.012401
0 0.573413 0.571181 0.016534 0.012401
0 0.592262 0.569940 0.013228 0.009921
0 0.597222 0.560516 0.023148 0.009921
0 0.509921 0.565228 0.016534 0.012401
0 0.476190 0.567460 0.016534 0.009921
0 0.541336 0.559028 0.033069 0.014881
0 0.415013 0.599950 0.023148 0.019841
0 0.415675 0.600942 0.013228 0.014881
0 0.440476 0.621032 0.023148 0.017361
0 0.398479 0.320188 0.016534 0.012401
0 0.505622 0.678075 0.016534 0.007440
0 0.418981 0.695437 0.013228 0.012401
0 0.363757 0.661706 0.013228 0.012401
0 0.586971 0.615823 0.016534 0.009921
0 0.459325 0.564980 0.016534 0.012401
0 0.401786 0.638145 0.023148 0.014881
0 0.405093 0.636905 0.016534 0.012401
0 0.489418 0.638889 0.026455 0.009921
0 0.293320 0.456101 0.052910 0.019841
0 0.307540 0.457093 0.013228 0.014881
0 0.510582 0.476935 0.019841 0.029762
0 0.513889 0.479415 0.013228 0.014881
0 0.596892 0.213046 0.026455 0.012401
0 0.311508 0.332341 0.016534 0.014881
0 0.531085 0.629960 0.029762 0.019841
0 0.529101 0.631200 0.023148 0.012401
0 0.558532 0.623512 0.019841 0.014881
0 0.540344 0.617560 0.023148 0.009921
0 0.562169 0.602679 0.016534 0.014881
0 0.326058 0.470734 0.016534 0.009921
0 0.574405 0.347966 0.019841 0.012401
0 0.577712 0.335565 0.019841 0.017361
0 0.587632 0.336806 0.026455 0.019841
0 0.496693 0.657986 0.016534 0.017361
0 0.544312 0.240079 0.016534 0.014881
0 0.518188 0.242312 0.013228 0.012401
0 0.506944 0.647569 0.019841 0.032242
0 0.318122 0.211310 0.016534 0.009921
0 0.307540 0.244544 0.016534 0.009921
0 0.501653 0.368552 0.019841 0.014881
0 0.482804 0.370536 0.016534 0.014881
0 0.415675 0.255704 0.019841 0.012401
0 0.415344 0.269345 0.023148 0.009921
0 0.450066 0.273065 0.019841 0.012401
0 0.356812 0.258185 0.026455 0.012401
0 0.355489 0.270089 0.026455 0.012401
0 0.568452 0.556796 0.013228 0.012401
0 0.516865 0.583829 0.019841 0.014881
0 0.532407 0.566468 0.023148 0.019841
0 0.364418 0.391369 0.016534 0.014881
0 0.428902 0.433532 0.013228 0.009921
0 0.463624 0.391369 0.023148 0.014881
0 0.461971 0.375248 0.019841 0.022321
0 0.465278 0.366567 0.013228 0.014881
