0 0.405754 0.481399 0.013228 0.012401
0 0.635582 0.235367 0.023148 0.019841
0 0.581019 0.203125 0.019841 0.019841
0 0.242063 0.340774 0.016534 0.027282
0 0.220569 0.266369 0.033069 0.012401
0 0.700066 0.483879 0.013228 0.012401
0 0.731481 0.450397 0.016534 0.009921
0 0.671958 0.434276 0.016534 0.012401
0 0.681878 0.437996 0.016534 0.014881
0 0.663690 0.459077 0.016534 0.009921
0 0.714947 0.396577 0.023148 0.014881
0 0.762897 0.545387 0.019841 0.014881
0 0.764550 0.540427 0.023148 0.009921
0 0.461971 0.516865 0.019841 0.012401
0 0.569444 0.369296 0.023148 0.019841
0 0.526455 0.373016 0.016534 0.012401
0 0.566138 0.297371 0.016534 0.014881
0 0.723214 0.337054 0.019841 0.014881
0 0.673611 0.319692 0.019841 0.014881
0 0.784392 0.374256 0.016534 0.014881
0 0.748016 0.400794 0.019841 0.012401
0 0.670304 0.394593 0.016534 0.009921
0 0.504960 0.304812 0.019841 0.014881
0 0.342923 0.390377 0.033069 0.017361
0 0.328042 0.413938 0.023148 0.014881
0 0.334656 0.354911 0.029762 0.012401
0 0.308201 0.373512 0.056217 0.019841
0 0.612434 0.483879 0.026455 0.009921
0 0.601852 0.484375 0.026455 0.014881
0 0.606812 0.465774 0.026455 0.012401
0 0.603505 0.471974 0.019841 0.014881
0 0.673611 0.380952 0.016534 0.012401
0 0.573743 0.418651 0.023148 0.009921
0 0.606812 0.419891 0.016534 0.012401
0 0.607474 0.414931 0.016534 0.012401
0 0.837302 0.424355 0.016534 0.012401
0 0.838955 0.454117 0.013228 0.022321
0 0.805886 0.462798 0.026455 0.024802
0 0.678571 0.542163 0.016534 0.019841
0 0.461971 0.658730 0.019841 0.014881
0 0.495040 0.666171 0.026455 0.014881
0 0.711640 0.596726 0.016534 0.014881
0 0.546296 0.596726 0.029762 0.014881
0 0.653770 0.588046 0.039683 0.012401
0 0.309854 0.503720 0.033069 0.032242
0 0.314815 0.531002 0.023148 0.017361
0 0.584325 0.563244 0.026455 0.017361
0 0.615741 0.384673 0.019841 0.009921
0 0.602513 0.379712 0.013228 0.009921
0 0.405754 0.388393 0.016534 0.012401
0 0.428902 0.388393 0.016534 0.012401
0 0.608466 0.432292 0.013228 0.009921
0 0.617394 0.421131 0.013228 0.007440
0 0.613426 0.403274 0.013228 0.012401
0 0.629960 0.406250 0.019841 0.019841
0 0.632275 0.407490 0.009921 0.009921
0 0.648148 0.406994 0.019841 0.014881
0 0.652116 0.407490 0.029762 0.017361
0 0.572751 0.491319 0.016534 0.017361
0 0.585317 0.502480 0.013228 0.017361
0 0.553902 0.489335 0.019841 0.009921
0 0.624008 0.485119 0.023148 0.019841
0 0.610119 0.455853 0.019841 0.009921
0 0.574405 0.470238 0.016534 0.009921
0 0.589286 0.450397 0.019841 0.009921
0 0.605820 0.447917 0.013228 0.012401
0 0.572090 0.454613 0.023148 0.012401
0 0.538029 0.517361 0.016534 0.017361
0 0.546296 0.508681 0.013228 0.014881
0 0.519841 0.518601 0.013228 0.014881
0 0.519841 0.471478 0.019841 0.014881
0 0.509921 0.475198 0.013228 0.012401
0 0.486772 0.486359 0.026455 0.009921
0 0.516534 0.457837 0.019841 0.012401
0 0.513228 0.444196 0.019841 0.009921
0 0.493386 0.439236 0.026455 0.014881
0 0.506614 0.426835 0.026455 0.009921
0 0.516534 0.434276 0.019841 0.009921
0 0.788647 0.306906 0.026997 0.018693
0 0.577712 0.386657 0.019841 0.019841
0 0.566138 0.391617 0.023148 0.014881
0 0.496693 0.499504 0.023148 0.017361
0 0.475198 0.500744 0.019841 0.014881
0 0.767857 0.633185 0.019841 0.009921
0 0.587632 0.476438 0.019841 0.012401
0 0.586971 0.464038 0.026455 0.012401
0 0.480159 0.472222 0.016534 0.017361
0 0.478505 0.456101 0.019841 0.014881
0 0.518188 0.416419 0.019841 0.014881
0 0.501653 0.413938 0.019841 0.014881
0 0.483466 0.423859 0.016534 0.009921
0 0.470238 0.415179 0.023148 0.012401
0 0.468585 0.404018 0.013228 0.014881
0 0.460317 0.437500 0.029762 0.027282
0 0.374339 0.407738 0.023148 0.012401
0 0.458664 0.490823 0.019841 0.014881
0 0.442130 0.464782 0.019841 0.012401
0 0.433862 0.428819 0.023148 0.009921
0 0.373677 0.421379 0.013228 0.014881
0 0.364418 0.437996 0.016534 0.014881
0 0.364418 0.447917 0.016534 0.014881
0 0.352844 0.437996 0.019841 0.014881
0 0.189153 0.502480 0.042989 0.014881
0 0.187500 0.490079 0.019841 0.029762
0 0.258598 0.491319 0.023148 0.017361
0 0.333003 0.531002 0.019841 0.017361
0 0.782738 0.507440 0.019841 0.014881
0 0.822421 0.509921 0.019841 0.014881
0 0.412368 0.560764 0.019841 0.032242
0 0.784392 0.602927 0.023148 0.017361
0 0.220569 0.581845 0.019841 0.014881
0 0.212302 0.588046 0.016534 0.017361
0 0.554563 0.483879 0.016534 0.009921
0 0.560185 0.474702 0.019841 0.012401
0 0.548942 0.471478 0.013228 0.017361
0 0.581680 0.406498 0.016534 0.014881
0 0.566138 0.449157 0.019841 0.012401
0 0.610780 0.492560 0.019841 0.012401
0 0.487765 0.395089 0.016534 0.014881
0 0.625661 0.333333 0.023148 0.022321
0 0.617394 0.334573 0.019841 0.019841
0 0.630622 0.342014 0.019841 0.019841
0 0.617394 0.440972 0.016534 0.012401
0 0.402447 0.614087 0.026455 0.014881
0 0.595899 0.240327 0.029762 0.014881
0 0.296627 0.412698 0.033069 0.022321
0 0.256944 0.401538 0.013228 0.019841
0 0.523148 0.536706 0.016534 0.012401
0 0.425595 0.523065 0.013228 0.014881
0 0.504960 0.542907 0.019841 0.009921
0 0.568783 0.440476 0.023148 0.009921
0 0.553902 0.439236 0.013228 0.009921
0 0.593585 0.424355 0.016534 0.009921
0 0.595238 0.420635 0.023148 0.019841
0 0.576058 0.427331 0.029762 0.012401
0 0.625000 0.448413 0.019841 0.009921
0 0.361111 0.555308 0.029762 0.024802
0 0.377646 0.556548 0.029762 0.017361
0 0.375992 0.541667 0.019841 0.012401
0 0.380952 0.535466 0.016534 0.009921
0 0.273479 0.647073 0.026455 0.014881
0 0.290013 0.629712 0.026455 0.019841
0 0.303241 0.624752 0.019841 0.019841
0 0.321429 0.624752 0.023148 0.019841
0 0.319775 0.654514 0.019841 0.014881
0 0.086640 0.467262 0.029762 0.012401
0 0.233796 0.406498 0.019841 0.014881
0 0.217262 0.396577 0.013228 0.019841
0 0.561177 0.500744 0.013228 0.009921
0 0.642196 0.443700 0.016534 0.009921
0 0.637235 0.431300 0.013228 0.014881
0 0.647156 0.433780 0.013228 0.014881
0 0.556217 0.428819 0.009921 0.009921
0 0.594246 0.401538 0.013228 0.009921
0 0.534722 0.396577 0.019841 0.024802
0 0.705026 0.349454 0.016534 0.014881
0 0.605820 0.304812 0.023148 0.019841
0 0.627315 0.297371 0.026455 0.014881
0 0.657077 0.286210 0.033069 0.012401
0 0.612434 0.516865 0.016534 0.012401
0 0.683532 0.525546 0.019841 0.009921
0 0.645503 0.488343 0.016534 0.009921
0 0.640542 0.469742 0.019841 0.017361
0 0.652116 0.472222 0.016534 0.012401
0 0.668651 0.472222 0.023148 0.017361
0 0.204034 0.668155 0.026455 0.012401
0 0.220569 0.673115 0.019841 0.012401
0 0.200728 0.659226 0.019841 0.012401
0 0.676918 0.498760 0.013228 0.012401
0 0.542989 0.442956 0.023148 0.009921
0 0.536376 0.449157 0.023148 0.012401
0 0.547950 0.462798 0.019841 0.009921
0 0.534722 0.465278 0.013228 0.009921
0 0.645503 0.278770 0.016534 0.012401
0 0.232143 0.634673 0.023148 0.014881
0 0.172619 0.551587 0.023148 0.012401
0 0.134590 0.561508 0.033069 0.012401
0 0.081680 0.478423 0.033069 0.014881
0 0.388228 0.315724 0.016534 0.012401
0 0.389220 0.324157 0.019841 0.012401
0 0.382606 0.333333 0.019841 0.017361
0 0.447090 0.585069 0.023148 0.014881
0 0.121362 0.478423 0.019841 0.019841
0 0.551257 0.283730 0.019841 0.017361
0 0.457011 0.224206 0.036376 0.022321
0 0.409061 0.227927 0.019841 0.014881
0 0.410714 0.260169 0.023148 0.024802
