0 0.215871 0.518005 0.028707 0.030439
0 0.338983 0.230252 0.026002 0.021887
0 0.500909 0.225471 0.051541 0.013690
0 0.328720 0.210925 0.028274 0.011979
0 0.398735 0.217770 0.022351 0.012659
0 0.120708 0.345738 0.012844 0.019849
0 0.232302 0.304764 0.058644 0.019216
0 0.251943 0.302842 0.023912 0.015372
0 0.244542 0.348318 0.023912 0.014945
0 0.161409 0.329962 0.020503 0.018356
0 0.108183 0.383974 0.023343 0.017934
0 0.179921 0.433936 0.023347 0.023061
0 0.046982 0.410451 0.015956 0.021349
0 0.164600 0.269979 0.024107 0.012577
0 0.165511 0.259562 0.028575 0.031838
0 0.144029 0.255138 0.017556 0.021024
0 0.298743 0.313963 0.058267 0.025298
0 0.295691 0.310511 0.012269 0.013800
0 0.332748 0.317987 0.027090 0.011882
0 0.345270 0.327188 0.029646 0.011885
0 0.419954 0.235046 0.055661 0.036262
0 0.431129 0.211434 0.037874 0.006845
0 0.424962 0.224783 0.034666 0.021892
0 0.433173 0.226664 0.031015 0.032500
0 0.464649 0.276269 0.038294 0.088604
0 0.134210 0.254750 0.019411 0.018279
0 0.155298 0.242661 0.020179 0.006290
0 0.155035 0.246489 0.019130 0.011982
0 0.138920 0.247083 0.029349 0.016310
0 0.141205 0.407035 0.015374 0.017081
0 0.253932 0.393578 0.030165 0.013247
0 0.268171 0.379278 0.014233 0.017937
0 0.265608 0.384616 0.025053 0.010675
0 0.291766 0.231969 0.034656 0.025298
0 0.278775 0.251983 0.050632 0.016768
0 0.341713 0.279524 0.018690 0.021200
0 0.317088 0.273529 0.023264 0.008547
0 0.409234 0.266514 0.028753 0.014377
0 0.192338 0.352556 0.054735 0.018817
0 0.364299 0.360937 0.029193 0.022579
0 0.176425 0.225125 0.014610 0.008212
0 0.202874 0.249413 0.014597 0.013683
0 0.219522 0.267200 0.036948 0.015055
0 0.132631 0.347595 0.009124 0.017790
0 0.136364 0.424751 0.012523 0.022622
0 0.131811 0.402118 0.009110 0.020913
0 0.130103 0.414934 0.019358 0.017507
0 0.108467 0.417070 0.015942 0.016654
0 0.150524 0.437974 0.021485 0.008051
0 0.199854 0.470557 0.016865 0.018782
0 0.240744 0.421873 0.043446 0.013418
0 0.248674 0.445260 0.026594 0.012644
0 0.170982 0.484549 0.028604 0.018403
0 0.369036 0.387755 0.039355 0.032584
0 0.271916 0.342324 0.017874 0.017634
0 0.277034 0.432031 0.020933 0.021468
0 0.283934 0.432799 0.015334 0.018400
0 0.294668 0.426277 0.029646 0.029142
0 0.225673 0.348083 0.012278 0.019926
0 0.278570 0.360920 0.016868 0.018021
0 0.287515 0.384695 0.023515 0.011106
0 0.297224 0.395231 0.012265 0.021468
0 0.295691 0.372613 0.020443 0.043703
0 0.304125 0.371846 0.020956 0.039869
0 0.299778 0.332938 0.009200 0.014184
0 0.281890 0.330062 0.037821 0.009201
0 0.155390 0.309170 0.079233 0.028752
0 0.190911 0.289427 0.055202 0.012267
0 0.220805 0.286936 0.052636 0.012651
0 0.276781 0.282334 0.049064 0.028755
0 0.288022 0.292686 0.034755 0.020317
0 0.293900 0.286936 0.022999 0.015717
0 0.181382 0.264473 0.006812 0.012974
0 0.148216 0.301419 0.012298 0.025556
0 0.101571 0.288650 0.024901 0.043237
0 0.107870 0.278425 0.027513 0.020838
0 0.179415 0.278224 0.018089 0.026736
0 0.499378 0.194939 0.025053 0.011109
0 0.515215 0.186687 0.030152 0.026845
0 0.533363 0.213142 0.020443 0.028368
0 0.542817 0.188992 0.025046 0.015335
0 0.539752 0.192826 0.019934 0.011500
0 0.575274 0.222727 0.025556 0.013033
0 0.597510 0.247643 0.036290 0.036034
0 0.626644 0.270644 0.019934 0.016868
0 0.662166 0.249944 0.017381 0.018400
0 0.668555 0.244769 0.019934 0.014950
0 0.658844 0.234034 0.037312 0.021084
0 0.679289 0.247068 0.029134 0.028750
0 0.163565 0.612969 0.016865 0.009965
0 0.171999 0.591310 0.022490 0.031052
0 0.180942 0.586901 0.014821 0.016099
0 0.173021 0.569268 0.015334 0.019167
0 0.229249 0.583260 0.017361 0.015717
0 0.220299 0.593034 0.016868 0.009199
0 0.213907 0.613548 0.034752 0.011892
0 0.257867 0.652836 0.019425 0.009199
0 0.214187 0.640549 0.025622 0.008807
0 0.220858 0.649353 0.028290 0.036017
0 0.247806 0.629138 0.026677 0.024412
0 0.253150 0.614929 0.017080 0.011208
0 0.257153 0.603921 0.014411 0.022019
0 0.267300 0.591107 0.028297 0.009204
0 0.304659 0.646555 0.018684 0.008006
0 0.342827 0.652757 0.021356 0.017205
0 0.338287 0.604121 0.019749 0.022418
0 0.278504 0.563893 0.021888 0.013202
0 0.311865 0.550277 0.025622 0.019616
0 0.308929 0.564892 0.015476 0.013619
0 0.309196 0.556482 0.019213 0.018415
0 0.297187 0.566891 0.018681 0.014412
0 0.312667 0.578498 0.029362 0.011213
0 0.394600 0.602719 0.020284 0.017215
0 0.374049 0.585905 0.014415 0.022019
0 0.392731 0.648157 0.028287 0.008006
0 0.359372 0.573291 0.018148 0.033636
0 0.331341 0.602319 0.072073 0.051642
0 0.350030 0.623937 0.033624 0.014010
0 0.415951 0.691993 0.021353 0.021218
0 0.392465 0.712409 0.028826 0.013212
0 0.453047 0.656363 0.013343 0.018013
0 0.471729 0.662568 0.024021 0.008807
0 0.513361 0.691993 0.022946 0.023619
0 0.498955 0.697202 0.011204 0.019603
0 0.500018 0.707805 0.026154 0.012009
0 0.503753 0.643553 0.018684 0.018013
0 0.526440 0.641952 0.011743 0.014013
0 0.531777 0.665171 0.014944 0.018814
0 0.648947 0.634144 0.019765 0.011210
0 0.499752 0.613529 0.016012 0.024420
0 0.449851 0.597118 0.025099 0.016409
0 0.470397 0.588108 0.016019 0.016815
0 0.490412 0.594712 0.022953 0.008408
0 0.582487 0.695797 0.019220 0.008008
0 0.610241 0.689390 0.023485 0.016012
0 0.642269 0.650959 0.016012 0.019214
0 0.605704 0.569292 0.024021 0.014412
0 0.580881 0.575099 0.032021 0.010813
0 0.411159 0.488568 0.015274 0.011456
0 0.387087 0.438504 0.019610 0.018428
0 0.424109 0.487073 0.014613 0.033869
0 0.444029 0.505753 0.013945 0.038351
0 0.398902 0.445300 0.035893 0.038715
0 0.409840 0.448331 0.031293 0.014777
0 0.417374 0.457676 0.027817 0.006518
0 0.363479 0.478104 0.023181 0.008256
0 0.393037 0.469407 0.027808 0.021305
0 0.422298 0.474623 0.093300 0.048254
0 0.443742 0.470499 0.017966 0.024340
0 0.431862 0.467240 0.047520 0.016076
0 0.479382 0.452024 0.025496 0.010000
0 0.466923 0.434205 0.028396 0.017820
0 0.458226 0.412041 0.030704 0.009995
0 0.522834 0.446156 0.025496 0.014782
0 0.545160 0.448552 0.021452 0.015208
0 0.544286 0.462892 0.013909 0.018690
0 0.249521 0.546590 0.016832 0.039360
0 0.197067 0.513731 0.042573 0.042676
0 0.182953 0.507791 0.027216 0.013748
0 0.190881 0.505387 0.034144 0.028958
0 0.201022 0.535823 0.023757 0.028953
0 0.217851 0.543249 0.015840 0.024499
0 0.553849 0.480930 0.011012 0.017386
0 0.557039 0.479840 0.028978 0.010871
0 0.578770 0.485056 0.026085 0.013470
0 0.580787 0.490051 0.017394 0.013896
0 0.577029 0.479191 0.022603 0.006954
0 0.241607 0.541391 0.014848 0.020789
0 0.236906 0.531741 0.025241 0.018562
0 0.251012 0.519490 0.009901 0.009650
0 0.236905 0.511698 0.045040 0.028207
0 0.231217 0.535636 0.026720 0.028579
0 0.604101 0.327495 0.023413 0.013125
0 0.613166 0.328367 0.013198 0.012374
0 0.610025 0.340859 0.029355 0.017086
0 0.621415 0.336039 0.011878 0.025739
0 0.622404 0.362765 0.016501 0.061374
0 0.639735 0.358927 0.025423 0.019050
0 0.238747 0.638855 0.087017 0.060632
0 0.277024 0.617278 0.013313 0.019616
0 0.268702 0.597127 0.022351 0.019973
0 0.278927 0.604795 0.016167 0.009630
0 0.282736 0.599804 0.042788 0.030312
0 0.278209 0.582148 0.029964 0.022827
0 0.521878 0.368373 0.023214 0.017411
0 0.588843 0.349623 0.015476 0.028125
0 0.700605 0.375387 0.015179 0.013363
0 0.566801 0.403105 0.117788 0.016329
0 0.569611 0.420551 0.010559 0.014107
0 0.552459 0.417338 0.013846 0.017066
0 0.527374 0.405083 0.024418 0.007423
0 0.553608 0.400753 0.015509 0.021034
0 0.564330 0.390729 0.023760 0.008909
0 0.566964 0.397040 0.023082 0.014105
0 0.579183 0.398154 0.017824 0.014363
0 0.587593 0.387760 0.018810 0.022272
0 0.601617 0.401494 0.015179 0.015097
0 0.591217 0.371794 0.024762 0.008172
0 0.599635 0.378359 0.027715 0.009893
0 0.614170 0.376378 0.016501 0.030682
0 0.609206 0.393328 0.017156 0.014107
0 0.691202 0.385779 0.030030 0.009896
0 0.677001 0.510484 0.011607 0.017386
0 0.681341 0.510919 0.012173 0.017383
0 0.661354 0.495702 0.023191 0.017396
0 0.630924 0.478539 0.013330 0.016949
0 0.561387 0.467893 0.013337 0.020856
0 0.569785 0.463544 0.015066 0.017386
0 0.575572 0.455938 0.019689 0.021300
0 0.592097 0.466152 0.027235 0.009561
0 0.589198 0.473323 0.027239 0.016081
0 0.591224 0.478106 0.025489 0.015216
0 0.598181 0.451156 0.011587 0.016081
0 0.624259 0.457893 0.040569 0.016515
0 0.631505 0.457025 0.016806 0.015647
0 0.631214 0.440944 0.024339 0.019125
0 0.650337 0.452243 0.028975 0.014779
0 0.634691 0.428774 0.024342 0.008693
0 0.741903 0.401388 0.057946 0.011307
0 0.794926 0.402695 0.015645 0.023470
0 0.801010 0.451374 0.016227 0.019122
0 0.764501 0.381833 0.018545 0.013041
0 0.365823 0.289089 0.032837 0.006396
0 0.385522 0.301649 0.021019 0.017733
0 0.385848 0.285398 0.012477 0.017731
0 0.391759 0.293770 0.013790 0.019702
0 0.677138 0.599311 0.029540 0.016825
0 0.644377 0.689857 0.012841 0.007845
0 0.651749 0.698059 0.009511 0.009273
0 0.582808 0.681476 0.043724 0.024608
0 0.589699 0.660082 0.030919 0.047445
0 0.577568 0.635827 0.021868 0.017483
0 0.580656 0.642243 0.021399 0.016763
0 0.583032 0.643492 0.018545 0.011414
0 0.606093 0.629939 0.024719 0.024253
0 0.611090 0.617277 0.014739 0.021756
0 0.600861 0.617282 0.024739 0.016756
0 0.558783 0.597840 0.023307 0.054926
0 0.549271 0.597127 0.016644 0.035667
0 0.542849 0.590708 0.016167 0.019973
0 0.526915 0.598731 0.011898 0.016049
0 0.517647 0.599267 0.018072 0.014268
0 0.527156 0.586784 0.015218 0.017121
0 0.517884 0.584644 0.019497 0.011411
0 0.760885 0.558251 0.015691 0.017118
0 0.729977 0.501360 0.015708 0.021768
0 0.711194 0.526327 0.019015 0.011086
0 0.695736 0.539878 0.017596 0.012495
0 0.680276 0.570732 0.019011 0.037098
0 0.671723 0.561457 0.012361 0.022121
0 0.645565 0.549871 0.013313 0.017475
0 0.656028 0.544877 0.019021 0.011768
0 0.371731 0.338098 0.017073 0.019702
0 0.378947 0.325288 0.038072 0.009841
0 0.396356 0.325045 0.022983 0.010342
0 0.400296 0.332433 0.015103 0.012312
0 0.402925 0.327509 0.022986 0.007388
0 0.643902 0.569489 0.029008 0.016756
0 0.575430 0.556473 0.024272 0.018552
0 0.596824 0.556290 0.017596 0.025322
0 0.612039 0.553439 0.029957 0.018187
0 0.674094 0.542386 0.023783 0.021032
0 0.717609 0.454117 0.021396 0.012847
0 0.755655 0.434493 0.013790 0.015692
0 0.697637 0.459461 0.021399 0.008554
0 0.703107 0.471585 0.027583 0.015694
0 0.681680 0.319875 0.017063 0.027582
0 0.748018 0.323813 0.018390 0.017731
0 0.730944 0.290077 0.026267 0.011329
0 0.657077 0.279737 0.017725 0.015278
0 0.624557 0.289585 0.015761 0.021178
0 0.650169 0.316424 0.028896 0.034484
0 0.593694 0.304852 0.015761 0.018222
0 0.540827 0.366913 0.070265 0.040871
0 0.420326 0.356813 0.019699 0.027579
0 0.441007 0.361983 0.026915 0.014278
0 0.454142 0.359028 0.020354 0.028075
0 0.439041 0.326523 0.029550 0.011329
0 0.632634 0.367837 0.009897 0.018065
0 0.600792 0.417581 0.020129 0.021034
0 0.618436 0.411644 0.021131 0.009152
0 0.638740 0.392336 0.048512 0.025000
0 0.636759 0.383553 0.021448 0.029695
0 0.633623 0.377861 0.016498 0.019799
0 0.557705 0.338938 0.031614 0.012302
0 0.560536 0.325397 0.020787 0.011384
0 0.539251 0.334180 0.032999 0.020047
0 0.490584 0.301143 0.016167 0.024747
0 0.489593 0.316240 0.018148 0.020293
0 0.491078 0.312156 0.011217 0.021034
0 0.486954 0.309805 0.008247 0.023261
0 0.499823 0.318220 0.008251 0.021778
0 0.483990 0.330595 0.030698 0.006925
0 0.478373 0.347793 0.037302 0.040833
0 0.507913 0.317602 0.015192 0.029449
0 0.517472 0.322923 0.036286 0.015836
0 0.483041 0.379715 0.019044 0.010342
0 0.483345 0.417252 0.041974 0.027113
0 0.476197 0.407538 0.009821 0.016406
0 0.479992 0.384771 0.037054 0.005692
0 0.477090 0.394146 0.015179 0.017076
0 0.507224 0.419090 0.024554 0.040848
0 0.409077 0.272795 0.044147 0.016771
0 0.424208 0.272331 0.013912 0.021324
0 0.427837 0.280952 0.022381 0.009529
0 0.428449 0.301141 0.030840 0.030853
0 0.424511 0.305680 0.043558 0.012703
0 0.435703 0.295471 0.018753 0.016786
0 0.452641 0.298420 0.011491 0.022684
0 0.475628 0.294563 0.027222 0.008621
0 0.661348 0.384169 0.011895 0.014102
0 0.671405 0.356336 0.010231 0.014363
0 0.640227 0.337028 0.011868 0.017324
0 0.552837 0.286902 0.023228 0.026791
0 0.559087 0.309221 0.009537 0.018750
0 0.551640 0.308328 0.020833 0.016964
0 0.579021 0.329980 0.022024 0.007589
0 0.512354 0.298061 0.018452 0.016071
0 0.508188 0.333998 0.014881 0.015625
0 0.473366 0.298284 0.022619 0.012054
0 0.469808 0.319715 0.040476 0.025451
0 0.513586 0.564371 0.023376 0.015166
0 0.533647 0.565556 0.023697 0.009479
0 0.556868 0.566385 0.015165 0.013504
0 0.536964 0.555129 0.023380 0.007108
0 0.545812 0.541032 0.012636 0.018244
0 0.558601 0.515914 0.025602 0.007820
0 0.555132 0.520773 0.024960 0.009005
0 0.551500 0.526342 0.024011 0.015402
0 0.572670 0.515677 0.015175 0.015878
0 0.575038 0.528833 0.017384 0.028445
0 0.590193 0.537001 0.028740 0.022515
0 0.626217 0.515796 0.009795 0.016587
0 0.622123 0.522545 0.038228 0.013988
0 0.664765 0.521956 0.021792 0.014695
0 0.474253 0.558211 0.010423 0.020379
0 0.396217 0.529302 0.018638 0.020851
0 0.422123 0.540795 0.064134 0.018718
0 0.422439 0.545298 0.099521 0.029147
0 0.432708 0.550629 0.010741 0.018956
0 0.445187 0.556789 0.014216 0.029382
0 0.448821 0.563779 0.017060 0.010662
0 0.457981 0.561172 0.017060 0.007820
0 0.478039 0.535107 0.059067 0.022991
0 0.466356 0.569242 0.081190 0.057101
0 0.461772 0.543282 0.022116 0.011372
0 0.462406 0.548140 0.021485 0.011136
0 0.459878 0.551813 0.013902 0.014692
0 0.483730 0.566622 0.027487 0.024405
0 0.513902 0.544942 0.029696 0.012795
0 0.481045 0.512365 0.022116 0.013514
0 0.477887 0.523023 0.022116 0.012083
0 0.476463 0.525985 0.017378 0.022748
0 0.466829 0.515559 0.012004 0.018008
0 0.458930 0.505725 0.013271 0.017770
0 0.463985 0.500275 0.014530 0.032937
0 0.473786 0.491388 0.017705 0.014224
0 0.483419 0.468409 0.018016 0.018490
0 0.509949 0.489617 0.017384 0.046198
0 0.523380 0.491034 0.018955 0.014454
0 0.531910 0.484993 0.014534 0.016587
0 0.538388 0.495182 0.021167 0.007582
0 0.297270 0.485703 0.007312 0.018673
0 0.301080 0.469389 0.024891 0.005469
0 0.300579 0.463664 0.022586 0.010960
0 0.339606 0.467529 0.052136 0.013703
0 0.335453 0.470389 0.048479 0.006974
0 0.329142 0.480351 0.017265 0.020419
0 0.335116 0.476117 0.019914 0.011456
0 0.332131 0.476117 0.013284 0.013946
0 0.356209 0.512974 0.014269 0.021915
0 0.353887 0.501145 0.036868 0.023157
0 0.359028 0.493300 0.021250 0.021416
0 0.355541 0.492429 0.029554 0.009214
0 0.384263 0.503263 0.053790 0.011456
0 0.610203 0.302505 0.023112 0.013095
0 0.613495 0.314508 0.017156 0.019799
0 0.603757 0.313398 0.016177 0.015089
0 0.658540 0.356084 0.020122 0.015342
0 0.665293 0.348912 0.024435 0.014839
