0 0.749050 0.212187 0.016314 0.023565
0 0.604039 0.366713 0.013897 0.022656
0 0.634552 0.345868 0.015710 0.022656
0 0.684399 0.281519 0.012687 0.013594
0 0.805845 0.302811 0.015104 0.016328
0 0.850557 0.368979 0.012687 0.019936
0 0.793459 0.412028 0.009668 0.015405
0 0.781676 0.442843 0.012689 0.015408
0 0.837264 0.405684 0.011480 0.020848
0 0.862339 0.457344 0.014500 0.017222
0 0.828201 0.509005 0.010272 0.019034
0 0.836055 0.523051 0.009063 0.014499
0 0.802824 0.611418 0.017523 0.020845
0 0.858712 0.595104 0.013293 0.020845
0 0.876839 0.580603 0.009666 0.017219
0 0.360236 0.545476 0.015392 0.029580
0 0.414103 0.623393 0.011543 0.022364
0 0.439835 0.590566 0.008177 0.018759
0 0.492740 0.742431 0.019720 0.023808
0 0.565367 0.763712 0.012986 0.015874
0 0.483121 0.845234 0.012025 0.017315
0 0.487931 0.874453 0.012024 0.013709
0 0.519434 0.883111 0.012506 0.018038
0 0.571860 0.822870 0.017315 0.024531
0 0.574023 0.861107 0.018756 0.017312
0 0.601678 0.799783 0.015390 0.021644
0 0.629334 0.779223 0.015870 0.019476
0 0.737790 0.700946 0.009620 0.017315
0 0.615867 0.824314 0.014909 0.017315
0 0.614664 0.845956 0.012504 0.021641
0 0.644003 0.851367 0.015390 0.022364
0 0.657950 0.853886 0.010581 0.018767
0 0.504955 0.285289 0.026294 0.032679
