0 0.616734 0.378793 0.023872 0.047349
0 0.338538 0.386718 0.015800 0.021778
0 0.325942 0.379510 0.020496 0.013772
0 0.320179 0.363978 0.011528 0.008968
0 0.330853 0.364618 0.014947 0.009608
0 0.334044 0.364459 0.013657 0.018254
0 0.371634 0.338357 0.017937 0.012170
0 0.365015 0.332432 0.024342 0.009288
0 0.351991 0.329070 0.015370 0.012813
0 0.262126 0.499940 0.019425 0.013512
0 0.265504 0.494979 0.027298 0.008653
0 0.272682 0.502262 0.009570 0.009286
0 0.229329 0.483266 0.013624 0.012490
0 0.253558 0.478539 0.012606 0.012118
0 0.247748 0.472101 0.011104 0.009082
0 0.040529 0.395678 0.015913 0.019878
0 0.324203 0.500492 0.028763 0.020429
0 0.255317 0.527928 0.011104 0.014759
0 0.253796 0.531529 0.013108 0.018936
0 0.219234 0.523197 0.014633 0.012867
0 0.221761 0.522440 0.020698 0.025734
0 0.156910 0.585081 0.022206 0.011734
0 0.150602 0.581484 0.018671 0.015895
0 0.192879 0.337206 0.014005 0.010786
0 0.187012 0.337206 0.015896 0.009085
0 0.189474 0.334510 0.029901 0.020156
0 0.180579 0.330252 0.026495 0.020156
0 0.169034 0.347284 0.022328 0.016181
0 0.159767 0.318609 0.034831 0.032654
0 0.124950 0.382049 0.049967 0.032946
0 0.178108 0.561616 0.019180 0.020057
0 0.173312 0.549691 0.015645 0.018926
0 0.131179 0.552527 0.027239 0.009469
0 0.196526 0.523008 0.017662 0.012490
0 0.182647 0.533795 0.025235 0.011354
0 0.209645 0.546288 0.019686 0.018916
0 0.182149 0.520174 0.013108 0.021944
0 0.158929 0.569373 0.020185 0.019683
0 0.144033 0.568054 0.018687 0.015528
0 0.151629 0.430883 0.047305 0.022708
0 0.158056 0.424924 0.023849 0.010216
0 0.152192 0.432020 0.018168 0.019298
0 0.175463 0.422923 0.010979 0.017622
0 0.159692 0.512788 0.018657 0.032173
0 0.191986 0.568612 0.018674 0.021203
0 0.270205 0.585458 0.023717 0.015518
0 0.269448 0.580160 0.022202 0.011734
0 0.283831 0.571643 0.012616 0.016654
0 0.257589 0.595110 0.011607 0.018167
0 0.250018 0.592839 0.015645 0.008326
0 0.291653 0.584702 0.013122 0.008705
0 0.277019 0.632958 0.015142 0.012111
0 0.271971 0.638258 0.017156 0.018926
0 0.328077 0.317861 0.017080 0.012810
0 0.319324 0.314978 0.013237 0.014092
0 0.330427 0.333553 0.014947 0.012810
0 0.320605 0.344282 0.022632 0.020816
0 0.312702 0.336112 0.019636 0.021773
0 0.299889 0.323299 0.024759 0.013462
0 0.342596 0.397605 0.013664 0.008966
0 0.489063 0.414740 0.017933 0.008006
0 0.103391 0.400661 0.016366 0.019750
0 0.058732 0.398792 0.015301 0.020283
0 0.057131 0.478456 0.011386 0.008807
0 0.365827 0.381177 0.022421 0.012810
0 0.228828 0.409333 0.022417 0.018948
0 0.142533 0.455771 0.016369 0.032292
0 0.196090 0.440291 0.030248 0.020017
0 0.138975 0.392387 0.039854 0.017081
0 0.114598 0.420144 0.015308 0.009613
0 0.338960 0.460815 0.020638 0.008807
0 0.333272 0.457481 0.015665 0.011739
0 0.333808 0.455883 0.023853 0.016558
0 0.298214 0.458681 0.045899 0.011458
0 0.274198 0.454277 0.024196 0.013346
0 0.268504 0.446937 0.015658 0.009876
0 0.323841 0.437195 0.034527 0.009608
0 0.220820 0.443868 0.014947 0.011744
0 0.133282 0.455878 0.015658 0.012277
0 0.260317 0.430925 0.016369 0.009340
0 0.330777 0.480298 0.016369 0.015213
0 0.165670 0.473624 0.020625 0.013616
0 0.288431 0.535689 0.008542 0.012302
0 0.279355 0.524617 0.020284 0.014655
0 0.289142 0.523947 0.012100 0.011768
0 0.295013 0.523826 0.023843 0.008807
0 0.276328 0.517130 0.020645 0.010402
0 0.307469 0.518196 0.011743 0.007205
0 0.307439 0.518305 0.012100 0.010131
0 0.306822 0.588674 0.026528 0.009442
0 0.266804 0.607728 0.017536 0.012480
0 0.181147 0.607054 0.026991 0.011131
0 0.203851 0.612619 0.019335 0.008770
0 0.261632 0.558659 0.016187 0.011466
0 0.324134 0.608910 0.026078 0.010117
0 0.326832 0.580919 0.011693 0.014164
0 0.348414 0.570294 0.022483 0.011803
0 0.350213 0.558659 0.014388 0.014839
0 0.330428 0.561864 0.013489 0.009779
0 0.349765 0.597607 0.013485 0.014509
0 0.357409 0.613461 0.017986 0.013152
0 0.309744 0.619701 0.012589 0.008093
0 0.340484 0.632607 0.014441 0.015570
0 0.360942 0.633961 0.025873 0.011959
0 0.426376 0.655961 0.012937 0.013539
0 0.424415 0.658328 0.025284 0.026399
0 0.424884 0.654613 0.030985 0.026637
0 0.420359 0.617941 0.020757 0.009251
0 0.420817 0.623132 0.013856 0.029102
0 0.398695 0.638930 0.024375 0.015558
0 0.381700 0.623130 0.012037 0.010154
0 0.472702 0.674797 0.024372 0.013304
0 0.461276 0.676942 0.027381 0.014896
0 0.446232 0.692401 0.019554 0.010154
0 0.448034 0.692744 0.018945 0.016689
0 0.438409 0.700072 0.012930 0.015570
0 0.488352 0.628207 0.035804 0.010828
0 0.473016 0.625050 0.039418 0.014435
0 0.491205 0.643889 0.030096 0.005188
0 0.518588 0.641293 0.022262 0.009025
0 0.543859 0.639375 0.039107 0.014216
0 0.600870 0.632494 0.027374 0.016248
0 0.230719 0.386075 0.017933 0.017294
0 0.239899 0.385122 0.010678 0.019846
0 0.235630 0.373265 0.019216 0.017934
0 0.256974 0.404644 0.021766 0.028807
0 0.334702 0.301244 0.023373 0.014442
0 0.367794 0.274871 0.014583 0.012500
0 0.365711 0.277215 0.025000 0.010937
0 0.357328 0.280729 0.025000 0.010938
0 0.452925 0.406860 0.012034 0.012500
0 0.410771 0.375412 0.011991 0.011339
0 0.410503 0.386353 0.012500 0.012889
0 0.437588 0.376198 0.013542 0.008983
0 0.426366 0.386935 0.014107 0.009385
0 0.424281 0.379908 0.019322 0.014063
0 0.424044 0.399830 0.014583 0.016406
0 0.418520 0.417214 0.017199 0.015231
0 0.425868 0.415455 0.013019 0.007031
0 0.436753 0.423853 0.014061 0.009764
0 0.432847 0.433033 0.015622 0.010937
0 0.382849 0.327995 0.017708 0.012498
0 0.352379 0.315105 0.015103 0.013281
0 0.363342 0.315105 0.021405 0.016406
0 0.379724 0.316472 0.021875 0.012111
0 0.663188 0.224753 0.030741 0.030012
0 0.453737 0.210193 0.029101 0.026984
0 0.513175 0.250835 0.016164 0.020915
0 0.497401 0.222625 0.022646 0.016679
0 0.516199 0.283890 0.011716 0.009397
0 0.476374 0.259928 0.019408 0.012436
0 0.572816 0.301629 0.012536 0.015164
0 0.562503 0.301174 0.013750 0.010007
0 0.532784 0.302087 0.019815 0.008787
0 0.553001 0.321039 0.010916 0.008492
0 0.515807 0.331958 0.014947 0.009100
0 0.469499 0.324222 0.013747 0.010007
0 0.435126 0.260533 0.013743 0.012436
0 0.405205 0.251290 0.016177 0.007292
0 0.369418 0.251285 0.014153 0.010918
0 0.355063 0.242941 0.014557 0.024573
0 0.413497 0.238698 0.031141 0.017892
0 0.404597 0.240670 0.023049 0.017589
0 0.401969 0.236272 0.029924 0.022138
0 0.432589 0.442013 0.022388 0.011709
0 0.456023 0.445728 0.015103 0.012111
0 0.452951 0.439283 0.019269 0.009375
0 0.533390 0.317096 0.024259 0.020015
0 0.437358 0.314975 0.017374 0.010308
0 0.426678 0.290957 0.022702 0.020367
0 0.421721 0.285272 0.009904 0.005623
0 0.445651 0.350809 0.023446 0.010546
0 0.491440 0.351002 0.013019 0.009375
0 0.539120 0.369358 0.022950 0.017981
0 0.515946 0.361549 0.016091 0.008594
0 0.586789 0.354519 0.022454 0.017966
0 0.486491 0.380300 0.012500 0.010938
0 0.471675 0.368971 0.015155 0.009375
0 0.620372 0.416822 0.019739 0.013673
0 0.583368 0.407837 0.017708 0.009767
0 0.557065 0.407837 0.013019 0.008983
0 0.554512 0.409009 0.024481 0.016014
0 0.512307 0.457051 0.023403 0.021493
0 0.255556 0.336985 0.027579 0.017175
0 0.434678 0.331310 0.020327 0.012877
0 0.418576 0.334634 0.018231 0.014844
0 0.406286 0.306901 0.012500 0.013281
0 0.312273 0.289323 0.017186 0.023438
0 0.292247 0.295771 0.028079 0.016791
0 0.286496 0.254753 0.034368 0.029298
0 0.309435 0.243626 0.025046 0.027331
0 0.305818 0.267057 0.011458 0.016406
0 0.321935 0.256899 0.018803 0.024993
0 0.326364 0.264128 0.019216 0.017577
0 0.334957 0.260613 0.022970 0.013671
0 0.249507 0.392321 0.015370 0.010570
0 0.294347 0.398724 0.028178 0.021451
0 0.303522 0.392966 0.035417 0.022748
0 0.291141 0.379831 0.044835 0.020818
0 0.308221 0.374547 0.014947 0.012170
0 0.305230 0.368938 0.014097 0.007371
0 0.428934 0.492711 0.015645 0.013313
0 0.434499 0.493839 0.009329 0.008800
0 0.439764 0.492937 0.021062 0.016022
0 0.436604 0.505122 0.011131 0.016473
0 0.443977 0.484363 0.016247 0.009702
0 0.443373 0.481654 0.024067 0.013765
0 0.406220 0.503316 0.012937 0.006091
0 0.454952 0.496665 0.017741 0.008113
0 0.203477 0.389609 0.014005 0.011639
0 0.197806 0.384077 0.012477 0.019296
0 0.197044 0.409195 0.018545 0.019020
0 0.045646 0.479311 0.007946 0.007664
0 0.203477 0.384640 0.012490 0.008517
0 0.444577 0.508746 0.011673 0.010345
0 0.414071 0.479501 0.012202 0.018700
0 0.400276 0.477511 0.011141 0.011540
0 0.398155 0.485670 0.014325 0.011141
0 0.430784 0.450654 0.024405 0.016714
0 0.414602 0.449665 0.013264 0.011533
0 0.454383 0.455623 0.016432 0.009142
0 0.391529 0.460401 0.025453 0.013127
0 0.476673 0.498402 0.014325 0.012731
0 0.483565 0.551128 0.020701 0.013120
0 0.361017 0.531427 0.015387 0.011143
0 0.394974 0.527254 0.025992 0.015531
0 0.607457 0.619365 0.015906 0.015913
0 0.675093 0.548139 0.014325 0.010345
0 0.704272 0.531228 0.014325 0.009152
0 0.632379 0.476880 0.024395 0.018294
0 0.621781 0.479267 0.020149 0.013539
0 0.618335 0.466731 0.016432 0.012331
0 0.628142 0.505722 0.024405 0.012336
0 0.615408 0.505525 0.015916 0.015122
0 0.558102 0.508105 0.020172 0.009960
0 0.514074 0.527011 0.037143 0.021483
0 0.606129 0.394311 0.012192 0.010744
0 0.614082 0.391923 0.018568 0.013926
0 0.618856 0.380981 0.029180 0.052522
