0 0.030828 0.536148 0.020717 0.027887
0 0.111370 0.549354 0.018215 0.038651
0 0.060293 0.628367 0.029648 0.020545
0 0.698083 0.593381 0.018738 0.024202
0 0.093066 0.141217 0.027699 0.022767
0 0.016578 0.242609 0.018160 0.016447
0 0.108611 0.201504 0.026777 0.028668
0 0.052743 0.297417 0.045553 0.057761
0 0.290916 0.296386 0.036408 0.037400
0 0.369608 0.316917 0.016081 0.022732
0 0.290111 0.464317 0.021949 0.028599
0 0.366406 0.388048 0.018202 0.028599
0 0.420212 0.398315 0.030516 0.031533
0 0.521404 0.316183 0.033730 0.030069
0 0.456620 0.447084 0.028378 0.021998
0 0.341777 0.534713 0.019271 0.022732
0 0.323841 0.625649 0.018738 0.016866
0 0.561291 0.556714 0.012850 0.019799
0 0.720568 0.573582 0.014455 0.022732
0 0.126729 0.617359 0.018219 0.023972
0 0.113870 0.739423 0.019644 0.019569
0 0.199415 0.697839 0.020717 0.019569
0 0.217454 0.689277 0.018219 0.022997
0 0.239598 0.676068 0.023219 0.019082
0 0.220830 0.750918 0.015004 0.039633
0 0.221025 0.770976 0.029644 0.036693
0 0.186377 0.864417 0.022502 0.048433
0 0.262638 0.826992 0.027146 0.036200
0 0.263351 0.876160 0.015000 0.020057
0 0.284604 0.873223 0.024648 0.017124
0 0.280673 0.912365 0.022502 0.028863
0 0.311750 0.755809 0.016785 0.024948
0 0.341764 0.791633 0.018617 0.025758
0 0.362584 0.780333 0.014966 0.039954
0 0.366230 0.746429 0.013433 0.024707
0 0.389449 0.747084 0.016886 0.019713
0 0.377544 0.755626 0.021861 0.046257
0 0.467674 0.618648 0.036178 0.066068
0 0.490985 0.906771 0.024627 0.029133
0 0.399740 0.907153 0.017913 0.026831
0 0.388546 0.952006 0.014552 0.023002
0 0.378889 0.972362 0.016513 0.055276
0 0.315773 0.945680 0.013994 0.038720
0 0.303598 0.977692 0.018194 0.021470
0 0.468032 0.902936 0.021832 0.029902
0 0.441025 0.918846 0.026031 0.018014
0 0.452351 0.912339 0.024049 0.029501
0 0.456557 0.927279 0.019032 0.018783
0 0.026972 0.957445 0.015645 0.025224
