0 0.535384 0.373764 0.013975 0.006987
0 0.538641 0.369918 0.013062 0.016076
0 0.536323 0.377783 0.014921 0.013631
0 0.497652 0.393992 0.012110 0.011877
0 0.498816 0.397660 0.016303 0.012230
0 0.476690 0.405522 0.018631 0.008385
0 0.456417 0.406045 0.012563 0.014323
0 0.462016 0.414430 0.022827 0.012927
0 0.409608 0.380716 0.016769 0.011877
0 0.309921 0.374952 0.013975 0.015022
0 0.447341 0.378969 0.013975 0.008385
0 0.444315 0.373028 0.010714 0.010481
0 0.447108 0.369012 0.034937 0.015722
0 0.264196 0.311683 0.015364 0.009229
0 0.247907 0.310995 0.009835 0.005992
0 0.451520 0.391394 0.019580 0.013542
0 0.228538 0.334740 0.019048 0.009211
0 0.232854 0.359170 0.020271 0.009214
0 0.223629 0.343264 0.011677 0.008760
0 0.258662 0.469112 0.015367 0.014291
0 0.264195 0.437535 0.028886 0.012907
0 0.255274 0.425551 0.015972 0.008294
0 0.402591 0.511117 0.008158 0.010826
0 0.386207 0.650720 0.039147 0.016917
0 0.415068 0.644379 0.016584 0.012686
0 0.437621 0.646245 0.019236 0.013433
0 0.614339 0.659587 0.030780 0.019025
0 0.398231 0.557553 0.010880 0.011138
0 0.512173 0.618150 0.021376 0.014945
0 0.539707 0.630644 0.012682 0.014412
0 0.536260 0.583090 0.021726 0.018214
0 0.533373 0.590160 0.026799 0.016034
0 0.764886 0.483227 0.031161 0.018487
0 0.583550 0.513802 0.010506 0.011687
0 0.579205 0.495052 0.011961 0.013318
0 0.546768 0.512443 0.018105 0.010055
0 0.241455 0.405723 0.020278 0.016605
0 0.543150 0.463669 0.018839 0.009779
0 0.522495 0.474133 0.018105 0.008976
0 0.497687 0.485677 0.012695 0.010888
0 0.477753 0.553749 0.012682 0.008425
0 0.470689 0.561220 0.012325 0.017391
0 0.458914 0.547226 0.014130 0.011143
0 0.437543 0.537574 0.017017 0.008681
0 0.377029 0.527525 0.009785 0.011414
0 0.373775 0.515166 0.010519 0.008953
0 0.381095 0.488994 0.019769 0.013648
0 0.477586 0.377912 0.011296 0.011766
0 0.392550 0.350611 0.013181 0.010355
0 0.413887 0.364262 0.025103 0.016476
0 0.378431 0.378152 0.015691 0.011305
0 0.389889 0.387211 0.012880 0.010583
0 0.395374 0.393445 0.012553 0.008943
0 0.318153 0.377526 0.014494 0.010871
0 0.304929 0.385815 0.014130 0.011684
0 0.315618 0.419652 0.023194 0.019576
0 0.315068 0.412713 0.017021 0.012232
0 0.312179 0.436895 0.018472 0.013869
0 0.469580 0.355087 0.017269 0.009876
0 0.496571 0.418390 0.014120 0.008472
0 0.524499 0.403800 0.017259 0.008943
0 0.486844 0.427923 0.010982 0.008708
0 0.352855 0.381090 0.012239 0.008237
0 0.389254 0.415215 0.012239 0.008708
0 0.433029 0.431570 0.015688 0.008001
0 0.356933 0.489583 0.010982 0.010119
0 0.351915 0.498408 0.014749 0.017416
0 0.360698 0.496519 0.038591 0.047552
0 0.343600 0.481111 0.028872 0.015298
0 0.324767 0.513239 0.039547 0.023998
0 0.760451 0.441452 0.018363 0.010955
0 0.757733 0.412190 0.017120 0.007515
0 0.725397 0.408744 0.018360 0.005627
0 0.724354 0.382608 0.012933 0.009710
0 0.642350 0.397949 0.027536 0.013457
0 0.506101 0.340987 0.024636 0.012827
0 0.182141 0.417943 0.022126 0.022587
0 0.121599 0.508295 0.014137 0.010603
0 0.136966 0.500459 0.016591 0.013368
0 0.202736 0.470499 0.016584 0.010590
0 0.183679 0.522354 0.017827 0.012912
0 0.169848 0.564764 0.022130 0.014752
0 0.208877 0.549783 0.041181 0.035494
0 0.230696 0.539872 0.012292 0.009219
0 0.299845 0.546786 0.021515 0.014752
0 0.286938 0.478331 0.010450 0.011523
0 0.288166 0.517515 0.011677 0.008760
0 0.292469 0.508526 0.012907 0.009219
0 0.259585 0.504607 0.011062 0.008757
0 0.694937 0.354438 0.017520 0.012845
0 0.268805 0.502532 0.011062 0.009221
0 0.696397 0.351152 0.014613 0.009397
0 0.669053 0.328774 0.010837 0.009085
0 0.568699 0.327055 0.015440 0.014392
0 0.573297 0.325645 0.011276 0.014087
0 0.621278 0.328779 0.011267 0.007825
0 0.579130 0.363833 0.017943 0.015335
0 0.565147 0.309850 0.010843 0.012507
0 0.453315 0.330192 0.016683 0.010632
0 0.351667 0.443015 0.009782 0.005434
0 0.370506 0.446003 0.014854 0.007066
0 0.380651 0.448721 0.009782 0.008152
0 0.380830 0.434323 0.013049 0.012495
0 0.384241 0.337225 0.017953 0.012842
0 0.489828 0.307037 0.015437 0.011248
0 0.569532 0.287622 0.016273 0.012520
0 0.323112 0.319860 0.012520 0.011267
0 0.435367 0.316730 0.014187 0.008137
0 0.509024 0.279483 0.018776 0.008767
0 0.405289 0.453072 0.007609 0.013038
0 0.412354 0.454427 0.011594 0.009782
0 0.426305 0.452933 0.012682 0.009511
0 0.461091 0.447494 0.017765 0.008976
0 0.483553 0.465703 0.011948 0.017121
0 0.504382 0.457552 0.011594 0.011141
0 0.429203 0.582824 0.014854 0.009511
0 0.388811 0.590030 0.018826 0.010317
0 0.393512 0.582147 0.011587 0.009234
0 0.382793 0.290279 0.015036 0.014090
0 0.332918 0.291378 0.015440 0.011892
0 0.440377 0.254446 0.035053 0.022532
0 0.433695 0.233637 0.013356 0.011570
0 0.327811 0.264897 0.018439 0.011525
0 0.277723 0.224785 0.017834 0.014303
