0 0.132736 0.592743 0.008707 0.016453
0 0.245822 0.338328 0.025909 0.016860
0 0.485934 0.314896 0.017351 0.016572
0 0.498414 0.330755 0.023641 0.039720
0 0.474897 0.342114 0.022288 0.011000
0 0.441369 0.340828 0.016574 0.006999
0 0.412604 0.348402 0.023052 0.012716
0 0.407650 0.342464 0.041339 0.041734
0 0.382029 0.352537 0.033912 0.012158
0 0.347254 0.360609 0.025354 0.016560
0 0.352206 0.360544 0.070694 0.015002
0 0.338881 0.373746 0.025718 0.006287
0 0.399649 0.406251 0.021144 0.011858
0 0.362598 0.394535 0.038099 0.020717
0 0.294114 0.390477 0.021528 0.006858
0 0.164468 0.322382 0.021356 0.025861
0 0.156658 0.342386 0.010685 0.023289
0 0.134845 0.332741 0.026118 0.022574
0 0.162183 0.353187 0.051455 0.039147
0 0.116271 0.369546 0.016782 0.012431
0 0.195995 0.360246 0.025317 0.017574
0 0.217723 0.374325 0.023052 0.006300
0 0.215809 0.377254 0.050843 0.022445
0 0.217705 0.389048 0.013525 0.017431
0 0.209912 0.406553 0.020003 0.015863
0 0.222571 0.416195 0.021736 0.006572
0 0.301438 0.417552 0.009544 0.023001
0 0.323641 0.430340 0.005146 0.010288
0 0.339739 0.426839 0.011812 0.027001
0 0.257240 0.432196 0.011068 0.018003
0 0.173302 0.388853 0.016511 0.019288
0 0.184486 0.398379 0.015413 0.017860
0 0.180127 0.402842 0.040638 0.042267
0 0.194327 0.413434 0.013826 0.031327
0 0.177191 0.414095 0.017940 0.015000
0 0.145441 0.406534 0.025559 0.027502
0 0.143219 0.418441 0.019527 0.022741
0 0.157507 0.436121 0.018254 0.013571
0 0.165589 0.434276 0.007169 0.031314
0 0.169173 0.439812 0.009841 0.031434
0 0.175357 0.433919 0.013671 0.024648
0 0.204734 0.450588 0.064454 0.031553
0 0.249177 0.457493 0.018115 0.015595
0 0.174016 0.460708 0.012543 0.019169
0 0.184969 0.462195 0.026829 0.005238
0 0.155633 0.454209 0.018522 0.025218
0 0.146974 0.464131 0.016878 0.006699
0 0.128237 0.474425 0.025245 0.017530
0 0.124491 0.459086 0.010694 0.018604
0 0.133965 0.462228 0.012692 0.023564
0 0.139643 0.457557 0.017652 0.025134
0 0.136066 0.454126 0.041782 0.017448
0 0.112143 0.462891 0.008267 0.031833
0 0.068019 0.503152 0.037308 0.005595
0 0.144942 0.486544 0.012397 0.029288
0 0.302111 0.461125 0.023495 0.012264
0 0.181640 0.486083 0.032632 0.010002
0 0.191005 0.495756 0.019193 0.021086
0 0.166862 0.498402 0.015443 0.014635
0 0.143380 0.510680 0.023380 0.009261
0 0.167088 0.523910 0.013892 0.019844
0 0.167254 0.517708 0.028112 0.018026
0 0.195139 0.517790 0.047526 0.024474
0 0.198557 0.526018 0.011147 0.027701
0 0.190129 0.533212 0.037923 0.046880
0 0.205227 0.538585 0.022060 0.018604
0 0.214871 0.533005 0.022831 0.026292
0 0.228487 0.543008 0.017649 0.014717
0 0.206996 0.558017 0.015215 0.022076
0 0.234387 0.533005 0.023714 0.035885
0 0.245850 0.532468 0.007619 0.032659
0 0.271152 0.532178 0.025367 0.013889
0 0.249383 0.509854 0.022821 0.012401
0 0.183228 0.560538 0.019511 0.013725
0 0.176123 0.560248 0.010374 0.012485
0 0.152978 0.560083 0.013449 0.009675
0 0.107447 0.542059 0.025357 0.013477
0 0.128773 0.568269 0.009603 0.011329
0 0.331832 0.337613 0.012004 0.012572
0 0.152371 0.587121 0.011356 0.012485
0 0.159861 0.595264 0.018843 0.014055
0 0.164221 0.607873 0.010804 0.023232
0 0.202751 0.595512 0.015106 0.010915
0 0.212832 0.593280 0.021399 0.035553
0 0.188304 0.615356 0.020847 0.010915
0 0.211835 0.621641 0.026237 0.012403
0 0.229812 0.633464 0.034187 0.015379
0 0.223189 0.637185 0.037040 0.036215
0 0.236920 0.641814 0.026359 0.012567
0 0.216802 0.650414 0.013241 0.013229
0 0.215759 0.660831 0.015764 0.021166
0 0.246353 0.617919 0.065265 0.021166
0 0.264101 0.621186 0.029325 0.008021
0 0.262998 0.620482 0.038806 0.027284
0 0.258198 0.636357 0.022612 0.018189
0 0.282016 0.644501 0.040017 0.013641
0 0.243155 0.592742 0.018300 0.010335
0 0.247288 0.586541 0.042665 0.007855
0 0.249714 0.580713 0.013562 0.018852
0 0.264979 0.584847 0.016108 0.020340
0 0.278978 0.583936 0.017870 0.012733
0 0.273361 0.584185 0.015433 0.010419
0 0.291215 0.591255 0.066597 0.007688
0 0.291992 0.604771 0.029547 0.028604
0 0.299373 0.610024 0.027794 0.008683
0 0.287693 0.612876 0.024692 0.010583
0 0.276339 0.484513 0.007937 0.033321
0 0.290719 0.477649 0.027464 0.012649
0 0.302189 0.483395 0.015985 0.017197
0 0.298877 0.490960 0.009382 0.010997
0 0.291220 0.491002 0.024253 0.017034
0 0.344466 0.494700 0.015083 0.016786
0 0.403838 0.510654 0.019527 0.025122
0 0.348514 0.515833 0.030479 0.029053
0 0.372247 0.532728 0.018575 0.016905
0 0.367564 0.540110 0.034924 0.005955
0 0.371771 0.554814 0.062708 0.032981
0 0.426222 0.548743 0.040162 0.007262
0 0.311921 0.516894 0.009683 0.023336
0 0.317320 0.526775 0.010638 0.015002
0 0.324464 0.531776 0.008730 0.017381
0 0.331528 0.553504 0.017460 0.011548
0 0.348910 0.606083 0.038892 0.013336
0 0.321844 0.616262 0.018099 0.033219
0 0.337402 0.616917 0.028892 0.031672
0 0.398122 0.583163 0.050324 0.013931
0 0.544917 0.537820 0.055033 0.008433
0 0.266440 0.678937 0.040003 0.020241
0 0.297316 0.660840 0.030321 0.006669
0 0.293983 0.672746 0.010003 0.016190
0 0.309621 0.696975 0.022543 0.019645
0 0.327877 0.660720 0.040007 0.009288
0 0.368118 0.653517 0.044292 0.028695
0 0.356610 0.653814 0.010794 0.033576
0 0.347482 0.642682 0.027146 0.012502
0 0.342323 0.646432 0.020638 0.011907
0 0.455352 0.689116 0.017781 0.018455
0 0.432333 0.633813 0.015241 0.020002
0 0.450746 0.584519 0.020010 0.008095
0 0.442566 0.597927 0.013479 0.024410
0 0.474640 0.603047 0.044292 0.027264
0 0.515279 0.603344 0.031908 0.012622
0 0.459964 0.513857 0.029544 0.058219
0 0.460632 0.434183 0.014220 0.015875
0 0.441834 0.432034 0.020506 0.009261
0 0.426070 0.433440 0.025136 0.005124
0 0.471716 0.270577 0.015238 0.026719
0 0.457004 0.227653 0.026091 0.014883
0 0.456081 0.222654 0.034735 0.006141
0 0.658666 0.307427 0.010843 0.017225
0 0.681880 0.341412 0.020823 0.015503
0 0.639084 0.376034 0.019444 0.009072
0 0.661465 0.434732 0.076462 0.012996
0 0.613972 0.448573 0.010582 0.034129
0 0.592077 0.480274 0.051726 0.015578
0 0.632095 0.486722 0.021961 0.014387
0 0.684616 0.453584 0.106892 0.031255
0 0.666229 0.490145 0.031749 0.024606
0 0.687328 0.510584 0.046171 0.015479
0 0.677075 0.544270 0.043654 0.023911
0 0.561584 0.519067 0.011905 0.042168
0 0.538036 0.531519 0.046303 0.010717
0 0.521301 0.522293 0.028178 0.016868
0 0.520772 0.546006 0.075804 0.028177
0 0.560724 0.529983 0.069980 0.037604
0 0.584208 0.554339 0.026987 0.016868
0 0.585723 0.567336 0.025810 0.010119
0 0.543328 0.568627 0.017993 0.031947
0 0.638652 0.611660 0.048396 0.021332
0 0.282864 0.344544 0.023829 0.012431
0 0.298762 0.349187 0.016386 0.017718
0 0.295342 0.332398 0.020976 0.013859
0 0.248869 0.340756 0.054484 0.028576
0 0.238857 0.251104 0.020784 0.015288
0 0.311152 0.230887 0.006114 0.015429
0 0.316392 0.246389 0.020403 0.028433
0 0.327250 0.276378 0.031452 0.033291
0 0.318583 0.281450 0.010308 0.026287
0 0.310972 0.287380 0.018671 0.009859
0 0.343634 0.278878 0.015410 0.012860
0 0.356597 0.297737 0.023810 0.041719
0 0.361645 0.286022 0.024005 0.019717
0 0.350873 0.321597 0.022269 0.005714
0 0.297351 0.303524 0.034861 0.017574
0 0.293247 0.312310 0.030880 0.019144
0 0.263348 0.301881 0.056009 0.022001
0 0.272388 0.323884 0.056217 0.022574
