0 0.635956 0.572784 0.012149 0.007051
0 0.698748 0.517259 0.022080 0.015471
0 0.712333 0.501493 0.016062 0.011751
0 0.697316 0.493709 0.010837 0.010087
0 0.658606 0.483965 0.007834 0.006267
0 0.712014 0.418429 0.011409 0.007815
0 0.792690 0.394745 0.005420 0.009444
0 0.718079 0.323423 0.013419 0.012783
0 0.709418 0.327163 0.020946 0.004489
0 0.692961 0.324613 0.042252 0.019246
0 0.694233 0.328827 0.012513 0.006186
0 0.697540 0.329067 0.019312 0.012376
0 0.711232 0.340658 0.008251 0.013812
0 0.672743 0.298330 0.006710 0.005439
0 0.640273 0.264268 0.010969 0.019271
0 0.701465 0.287294 0.020324 0.012297
0 0.527829 0.176088 0.012166 0.006183
0 0.546599 0.170730 0.017999 0.009065
0 0.548419 0.178437 0.016019 0.005779
0 0.544076 0.216037 0.016399 0.016151
0 0.543505 0.213888 0.004392 0.005265
0 0.633380 0.153764 0.013373 0.011332
0 0.621101 0.183232 0.010728 0.006121
0 0.617209 0.186603 0.008843 0.005499
0 0.635797 0.184819 0.016243 0.011106
0 0.643089 0.177706 0.023426 0.025332
0 0.638970 0.190286 0.013224 0.012750
0 0.653439 0.198022 0.008915 0.007820
0 0.663262 0.203434 0.013449 0.009690
0 0.757826 0.284060 0.009897 0.007674
0 0.804456 0.347024 0.008489 0.005714
0 0.172731 0.483531 0.014841 0.006600
0 0.339874 0.275614 0.018796 0.013271
0 0.330121 0.269184 0.006200 0.008070
0 0.303380 0.236458 0.013003 0.009554
0 0.316053 0.176031 0.009983 0.009457
0 0.253236 0.343467 0.018786 0.012381
0 0.238234 0.335636 0.007024 0.008757
0 0.244988 0.373449 0.009309 0.013162
0 0.234439 0.378791 0.015969 0.014343
0 0.240177 0.367036 0.005003 0.005372
0 0.239648 0.403814 0.007827 0.005928
0 0.234101 0.401648 0.025311 0.018698
0 0.230035 0.393269 0.013224 0.007753
0 0.219507 0.402360 0.040205 0.020122
0 0.200440 0.388738 0.013300 0.006984
0 0.202308 0.385745 0.007030 0.004417
0 0.179054 0.328356 0.008816 0.009747
0 0.179162 0.272995 0.009395 0.011148
0 0.246247 0.234872 0.014649 0.015479
0 0.285169 0.172459 0.009616 0.005791
0 0.268275 0.205352 0.014977 0.015114
0 0.221706 0.203106 0.014431 0.011029
0 0.202085 0.212194 0.020453 0.009601
0 0.185351 0.199020 0.017427 0.016746
0 0.214218 0.172980 0.005446 0.013276
0 0.188173 0.153604 0.016339 0.005392
0 0.154512 0.182403 0.017649 0.012991
0 0.272434 0.346923 0.007388 0.006019
0 0.277632 0.335978 0.007751 0.007250
0 0.271842 0.358312 0.015503 0.010603
0 0.281250 0.553282 0.027368 0.022230
0 0.257399 0.511472 0.011253 0.012939
0 0.270015 0.502780 0.013687 0.011855
0 0.252424 0.505004 0.012540 0.008207
0 0.242811 0.504148 0.007903 0.005930
0 0.244977 0.485965 0.012388 0.013224
0 0.236882 0.474936 0.007295 0.004276
0 0.206844 0.491141 0.007093 0.005605
0 0.206589 0.498597 0.012034 0.012066
0 0.206400 0.504654 0.008740 0.008311
0 0.212999 0.488322 0.013042 0.008415
0 0.212040 0.477450 0.014557 0.011245
0 0.209306 0.469160 0.008208 0.005499
0 0.234982 0.453096 0.011425 0.007190
0 0.215479 0.455558 0.010767 0.009554
0 0.228350 0.428569 0.014974 0.011721
0 0.219420 0.420986 0.007880 0.007190
0 0.291286 0.500477 0.007844 0.007046
0 0.318824 0.506565 0.024997 0.011012
0 0.333917 0.517268 0.012874 0.010255
0 0.324023 0.524759 0.026095 0.016895
0 0.318783 0.536179 0.014319 0.007602
0 0.316093 0.532866 0.010764 0.010260
0 0.290236 0.537653 0.020519 0.016416
0 0.286771 0.525512 0.011584 0.006362
0 0.300542 0.522331 0.023803 0.015595
0 0.305787 0.525032 0.009306 0.005541
0 0.327538 0.593469 0.008482 0.006704
0 0.345863 0.499349 0.009200 0.007661
0 0.352027 0.517030 0.006567 0.005950
0 0.366756 0.529103 0.018148 0.005335
0 0.372090 0.540634 0.015688 0.005141
0 0.376195 0.569665 0.016597 0.022024
0 0.409074 0.562617 0.025992 0.027366
0 0.402325 0.548085 0.031098 0.011969
0 0.407705 0.565904 0.012857 0.007661
0 0.408019 0.564463 0.038862 0.017929
0 0.390468 0.567066 0.011399 0.010942
0 0.402826 0.555747 0.013681 0.009782
0 0.395622 0.514363 0.010946 0.011012
0 0.420063 0.496065 0.003466 0.017512
0 0.420109 0.509301 0.036574 0.015526
0 0.409347 0.526812 0.007933 0.007046
0 0.422621 0.530094 0.026260 0.023462
0 0.434656 0.479205 0.007659 0.008003
0 0.450752 0.533788 0.017417 0.013475
0 0.449567 0.575650 0.007024 0.009097
0 0.468856 0.558278 0.014411 0.005677
0 0.464342 0.559952 0.027632 0.014501
0 0.470360 0.500443 0.019974 0.015186
0 0.479299 0.482215 0.023803 0.012381
0 0.487553 0.485941 0.012401 0.008619
0 0.466941 0.462651 0.011310 0.009236
0 0.483039 0.462651 0.029458 0.015526
0 0.458095 0.450993 0.008208 0.004913
0 0.294487 0.435967 0.015496 0.010243
0 0.346561 0.426215 0.026396 0.008075
0 0.351748 0.474332 0.017073 0.006992
0 0.252002 0.413163 0.012477 0.007979
0 0.258636 0.394794 0.022589 0.017927
0 0.284441 0.393219 0.015364 0.006895
0 0.292518 0.386275 0.013396 0.009554
0 0.287816 0.365010 0.018125 0.005923
0 0.294436 0.357333 0.007722 0.007800
0 0.306334 0.356683 0.026789 0.021868
0 0.325719 0.358924 0.015129 0.023770
0 0.336592 0.364420 0.008509 0.006632
0 0.351562 0.365252 0.022702 0.006620
0 0.342581 0.353374 0.006935 0.005082
0 0.387073 0.359065 0.019590 0.010179
0 0.368686 0.356396 0.010618 0.011736
0 0.376073 0.328042 0.009633 0.005920
0 0.360260 0.335337 0.025718 0.011007
0 0.331749 0.331525 0.015979 0.014365
0 0.327262 0.337846 0.022983 0.014363
0 0.347181 0.309609 0.020136 0.008291
0 0.342310 0.306737 0.007113 0.017646
0 0.350190 0.298611 0.024626 0.011409
0 0.372735 0.303658 0.011931 0.008373
0 0.383790 0.292906 0.024405 0.028237
0 0.402505 0.315806 0.011491 0.008537
0 0.408742 0.301115 0.008211 0.007716
0 0.415800 0.303741 0.007440 0.014120
0 0.426964 0.317654 0.020794 0.007470
0 0.364959 0.248904 0.007616 0.010689
0 0.384054 0.255554 0.010992 0.007999
0 0.403313 0.262041 0.010556 0.006285
0 0.416043 0.239719 0.011425 0.011431
0 0.435301 0.239151 0.007943 0.005712
0 0.413269 0.214752 0.012404 0.008651
0 0.411364 0.198389 0.014038 0.018524
0 0.426113 0.199370 0.017834 0.011344
0 0.371432 0.171297 0.012295 0.006121
0 0.430623 0.167912 0.012946 0.008487
0 0.432799 0.171133 0.013165 0.011017
0 0.460599 0.202023 0.008267 0.005712
0 0.478224 0.179702 0.018062 0.005630
0 0.452113 0.250087 0.013492 0.008487
0 0.306511 0.481256 0.019345 0.010875
0 0.476321 0.249351 0.008813 0.007835
0 0.500747 0.244374 0.015013 0.012076
0 0.483938 0.283886 0.009901 0.008323
0 0.486657 0.305838 0.017083 0.014038
0 0.494491 0.333746 0.018823 0.009467
0 0.481597 0.346151 0.013710 0.023993
0 0.470989 0.351985 0.012077 0.006446
0 0.443952 0.333095 0.016323 0.008323
0 0.443897 0.331626 0.008376 0.005712
0 0.497647 0.370957 0.018608 0.008487
0 0.477191 0.385852 0.009031 0.006446
0 0.526154 0.346355 0.008161 0.013792
0 0.552049 0.351047 0.004897 0.014851
0 0.543244 0.387075 0.007956 0.008405
0 0.568968 0.420941 0.015886 0.008569
0 0.537525 0.463702 0.007834 0.006119
0 0.545847 0.465660 0.018823 0.009712
0 0.588011 0.425103 0.016538 0.003837
0 0.590349 0.445300 0.009686 0.030193
0 0.585888 0.449462 0.019474 0.005551
0 0.585346 0.477819 0.006637 0.013792
0 0.581318 0.503238 0.022305 0.005712
0 0.540766 0.601626 0.023350 0.003395
0 0.680083 0.538265 0.010575 0.004993
