0 0.332191 0.299998 0.013072 0.006032
0 0.434259 0.295337 0.010979 0.011161
0 0.464177 0.282237 0.013274 0.009712
0 0.463046 0.271084 0.013591 0.010670
0 0.460779 0.263437 0.018780 0.013829
0 0.496855 0.285516 0.015205 0.008978
0 0.489092 0.278359 0.015202 0.010191
0 0.493287 0.271689 0.008730 0.014807
0 0.478256 0.256762 0.010354 0.007755
0 0.488930 0.262953 0.013588 0.009462
0 0.486667 0.255916 0.015529 0.010920
0 0.492166 0.261133 0.021997 0.013586
0 0.564307 0.238332 0.020063 0.011634
0 0.553958 0.242569 0.021343 0.012867
0 0.522897 0.209092 0.012937 0.010437
0 0.515456 0.213216 0.010999 0.008976
0 0.286738 0.261493 0.018780 0.012867
0 0.159932 0.316327 0.020063 0.008497
0 0.123380 0.316208 0.013585 0.010188
0 0.206366 0.324206 0.022983 0.013095
0 0.340279 0.234323 0.014547 0.011404
0 0.226093 0.264287 0.014554 0.011163
0 0.225931 0.248274 0.014229 0.012619
0 0.299525 0.224861 0.013912 0.012371
0 0.362774 0.219882 0.013604 0.010201
0 0.321359 0.224498 0.014881 0.009219
0 0.330093 0.227406 0.021362 0.013095
0 0.368904 0.212364 0.012920 0.012624
0 0.400131 0.198173 0.010678 0.014318
0 0.384448 0.200843 0.012282 0.011409
0 0.379750 0.201327 0.022318 0.017227
0 0.355170 0.187254 0.022312 0.006553
0 0.328472 0.190897 0.016799 0.013341
0 0.332196 0.201205 0.011323 0.007277
0 0.388972 0.229477 0.014253 0.011880
0 0.385250 0.254704 0.017146 0.009948
0 0.467746 0.220257 0.017153 0.015761
0 0.419859 0.237481 0.013257 0.012364
0 0.429244 0.243664 0.017146 0.014556
0 0.421640 0.242695 0.016825 0.014561
0 0.401257 0.282850 0.014220 0.008507
0 0.456910 0.184459 0.012305 0.010685
0 0.459654 0.195862 0.011968 0.008723
0 0.473896 0.196114 0.020397 0.010184
0 0.474869 0.246937 0.019712 0.008011
0 0.333814 0.267684 0.017794 0.007763
0 0.326210 0.276407 0.016177 0.014050
0 0.321845 0.281756 0.011323 0.011161
0 0.532968 0.210479 0.015149 0.009102
0 0.522703 0.216533 0.014130 0.008075
0 0.523697 0.213440 0.015040 0.008750
0 0.526306 0.217930 0.013505 0.008058
0 0.530298 0.220117 0.014735 0.010590
0 0.621462 0.225298 0.019643 0.013145
0 0.659532 0.286998 0.019659 0.009908
0 0.669048 0.256957 0.014749 0.010144
0 0.607507 0.262821 0.023016 0.011753
0 0.605815 0.273302 0.016577 0.007830
0 0.660060 0.263491 0.013704 0.009819
0 0.655306 0.270967 0.012497 0.008705
0 0.603972 0.280119 0.008036 0.009598
0 0.599063 0.281904 0.016663 0.013167
0 0.617369 0.316502 0.018733 0.012716
0 0.591771 0.330113 0.015771 0.017631
0 0.576896 0.342170 0.018740 0.016285
0 0.545053 0.280120 0.017553 0.007810
0 0.452202 0.333126 0.016369 0.010712
0 0.348280 0.326142 0.014418 0.011560
0 0.407437 0.328529 0.014749 0.008800
0 0.432407 0.343361 0.015754 0.010308
0 0.483851 0.318855 0.016776 0.009040
0 0.337211 0.302894 0.009706 0.010799
0 0.305215 0.315587 0.014067 0.009546
0 0.330681 0.306282 0.027487 0.016592
0 0.286706 0.330919 0.016204 0.012135
0 0.358672 0.317892 0.022966 0.013472
0 0.366920 0.312591 0.014130 0.018326
0 0.370746 0.316012 0.011776 0.007946
0 0.371923 0.322414 0.012953 0.010156
0 0.485704 0.307953 0.016184 0.013028
0 0.494383 0.309058 0.012358 0.010377
0 0.530739 0.281567 0.023839 0.016776
0 0.531035 0.282231 0.020311 0.010598
0 0.518525 0.293051 0.021197 0.012808
0 0.517935 0.285434 0.014130 0.008611
0 0.522941 0.291615 0.015308 0.007287
0 0.553844 0.338420 0.012351 0.011265
0 0.541915 0.348131 0.011475 0.013921
0 0.547085 0.326168 0.018244 0.008388
0 0.540752 0.332899 0.012655 0.009499
0 0.238350 0.669866 0.020787 0.018700
0 0.133099 0.356347 0.014544 0.008626
0 0.131738 0.383109 0.013211 0.009377
0 0.125314 0.397954 0.013856 0.010144
0 0.229173 0.375372 0.011852 0.017262
0 0.201095 0.414838 0.014544 0.009883
0 0.154755 0.431068 0.014537 0.009903
0 0.121771 0.454418 0.016227 0.013946
0 0.304620 0.444644 0.021991 0.015732
0 0.269944 0.372586 0.012857 0.011163
0 0.282631 0.396690 0.025374 0.020300
0 0.279755 0.392630 0.014888 0.008118
0 0.292267 0.388077 0.026399 0.017225
0 0.300400 0.373194 0.013552 0.008919
0 0.306017 0.367124 0.015532 0.013137
0 0.314942 0.369355 0.015532 0.012639
0 0.376253 0.357465 0.013234 0.010665
0 0.386662 0.370217 0.011551 0.009432
0 0.396734 0.385094 0.012556 0.012887
0 0.434573 0.387326 0.010218 0.014385
0 0.358395 0.387204 0.031075 0.009174
0 0.349972 0.353864 0.008264 0.008924
0 0.342536 0.354855 0.011237 0.005950
0 0.343856 0.360799 0.015198 0.015357
0 0.343363 0.360805 0.011567 0.012889
0 0.356412 0.401580 0.020496 0.014618
0 0.350460 0.384965 0.029755 0.030000
0 0.356412 0.401580 0.020496 0.014618
0 0.350460 0.384965 0.029755 0.030000
0 0.490342 0.339516 0.016333 0.007307
0 0.470430 0.347047 0.011237 0.011153
0 0.496882 0.343972 0.018935 0.007091
0 0.596181 0.317618 0.013856 0.014055
0 0.615840 0.364633 0.011653 0.012381
0 0.511224 0.354046 0.021389 0.012344
0 0.492156 0.351571 0.012817 0.010846
0 0.587369 0.367979 0.013165 0.010114
0 0.499883 0.361813 0.013158 0.010114
0 0.471736 0.364534 0.017480 0.015079
0 0.478967 0.353068 0.013356 0.008552
0 0.479160 0.360255 0.014272 0.011682
0 0.484079 0.365554 0.021650 0.012944
0 0.486905 0.366026 0.015377 0.007294
0 0.531769 0.372264 0.011620 0.008467
0 0.529109 0.374027 0.009415 0.010122
0 0.515146 0.368261 0.021653 0.013180
0 0.509183 0.368378 0.022282 0.009648
0 0.491305 0.376970 0.026657 0.020712
0 0.515615 0.380616 0.012553 0.011530
0 0.509812 0.378734 0.013492 0.012944
0 0.483929 0.399803 0.015675 0.009874
0 0.504790 0.381793 0.010982 0.006825
0 0.495532 0.380616 0.017573 0.014358
0 0.499152 0.376463 0.010830 0.010605
0 0.490276 0.384134 0.026776 0.012411
0 0.467510 0.400960 0.012811 0.010580
0 0.448608 0.390386 0.010906 0.008648
0 0.455640 0.391967 0.012894 0.013353
0 0.461620 0.383797 0.012593 0.010352
0 0.459481 0.381721 0.013803 0.007589
0 0.534079 0.405661 0.015645 0.012215
0 0.512731 0.404049 0.013492 0.008991
0 0.399772 0.413615 0.014742 0.007840
0 0.429704 0.407388 0.015030 0.005997
0 0.364489 0.419726 0.012841 0.012170
0 0.377447 0.428387 0.017923 0.017780
0 0.377933 0.419738 0.018254 0.004804
0 0.360159 0.446399 0.015370 0.012490
0 0.363201 0.453605 0.009286 0.010087
0 0.359519 0.457809 0.014732 0.008886
0 0.336143 0.426587 0.012166 0.008879
0 0.358881 0.437155 0.023052 0.011761
0 0.420172 0.392204 0.009623 0.006014
0 0.418965 0.390098 0.014848 0.008123
0 0.418371 0.385661 0.017232 0.008276
0 0.393609 0.440696 0.011425 0.012780
0 0.636227 0.410122 0.019015 0.008735
0 0.658552 0.428610 0.017083 0.015429
0 0.139732 0.638033 0.014583 0.017485
0 0.211058 0.549231 0.029127 0.016022
0 0.220043 0.509934 0.016991 0.013817
0 0.241875 0.534127 0.014067 0.012748
0 0.304464 0.521937 0.016005 0.013814
0 0.277784 0.576164 0.013102 0.012374
0 0.276091 0.563785 0.021362 0.023304
0 0.451982 0.740477 0.024739 0.009819
0 0.473151 0.717073 0.015417 0.008601
0 0.368570 0.665113 0.021286 0.018683
0 0.350238 0.657811 0.016283 0.015627
0 0.479306 0.671564 0.010860 0.012572
0 0.555842 0.675131 0.021736 0.021741
0 0.502397 0.653398 0.019015 0.012897
0 0.530934 0.676835 0.025360 0.012897
0 0.341346 0.691167 0.019888 0.011649
0 0.321698 0.733752 0.017470 0.013090
0 0.334325 0.738666 0.020370 0.012748
0 0.587993 0.640998 0.015403 0.015280
0 0.402766 0.630805 0.012675 0.011213
0 0.451448 0.652884 0.014947 0.011890
0 0.455752 0.618578 0.012682 0.015285
0 0.434691 0.633181 0.014950 0.013931
0 0.448285 0.644898 0.015863 0.010878
0 0.444205 0.641842 0.032159 0.013594
0 0.430608 0.591575 0.013122 0.014271
0 0.424727 0.611443 0.017662 0.005774
0 0.426313 0.605840 0.012679 0.010871
0 0.409557 0.610255 0.019048 0.012922
0 0.330980 0.587831 0.021286 0.010880
0 0.341849 0.567117 0.017665 0.010191
0 0.330071 0.556756 0.015850 0.012569
0 0.540438 0.622819 0.028978 0.020389
0 0.363361 0.579855 0.013588 0.013926
0 0.333929 0.531109 0.017196 0.010878
0 0.534557 0.634375 0.021759 0.008135
0 0.524592 0.594632 0.014494 0.007473
0 0.577579 0.590894 0.018115 0.013589
0 0.533871 0.616027 0.020387 0.017669
0 0.523228 0.619940 0.017222 0.010516
0 0.655489 0.669015 0.014484 0.014271
0 0.694649 0.593780 0.017672 0.015288
0 0.688312 0.618578 0.015850 0.013247
0 0.732917 0.597181 0.017222 0.014601
0 0.702579 0.655601 0.016303 0.013926
0 0.694430 0.657129 0.019018 0.016987
0 0.702126 0.629281 0.019927 0.012917
0 0.699180 0.639301 0.020384 0.017331
0 0.704392 0.639467 0.019927 0.012227
0 0.707788 0.646771 0.014041 0.009851
0 0.646187 0.589031 0.022202 0.017994
0 0.648006 0.566781 0.018565 0.018333
0 0.637369 0.576625 0.019911 0.016989
0 0.625587 0.588855 0.017212 0.008832
0 0.621058 0.592082 0.014491 0.014606
0 0.684909 0.535020 0.013601 0.013244
0 0.645060 0.520587 0.016310 0.012899
0 0.651624 0.543513 0.014954 0.009844
0 0.655704 0.534859 0.024901 0.012227
0 0.816481 0.451969 0.026720 0.032609
0 0.499683 0.628767 0.020833 0.012569
0 0.499229 0.623672 0.019021 0.011887
0 0.467535 0.631657 0.016319 0.012222
0 0.463676 0.636412 0.019481 0.012904
0 0.734739 0.385567 0.010880 0.015280
0 0.713671 0.348874 0.018558 0.012579
0 0.785680 0.368235 0.018581 0.013256
0 0.772321 0.348103 0.020370 0.017187
0 0.752626 0.332331 0.019405 0.012728
0 0.587560 0.401822 0.016058 0.008361
0 0.621964 0.545888 0.016303 0.010531
0 0.625360 0.552511 0.015853 0.007473
0 0.587765 0.574931 0.009524 0.012907
0 0.592753 0.577986 0.016756 0.013586
0 0.667479 0.483899 0.020380 0.014945
0 0.670873 0.423951 0.018108 0.017991
0 0.679707 0.392011 0.015850 0.011900
0 0.629436 0.384375 0.022192 0.012907
0 0.643699 0.395072 0.019937 0.013924
0 0.576283 0.408694 0.015397 0.012378
0 0.559649 0.415381 0.011164 0.012061
0 0.557536 0.429199 0.013155 0.010878
0 0.574717 0.424007 0.018528 0.005861
0 0.572373 0.438638 0.020089 0.007366
0 0.598601 0.468287 0.009597 0.015067
0 0.643133 0.468036 0.010268 0.011553
0 0.629182 0.470630 0.012722 0.010045
0 0.636101 0.475569 0.010939 0.006863
0 0.632636 0.500853 0.015615 0.010536
0 0.607528 0.504111 0.017636 0.013058
0 0.598490 0.522359 0.015625 0.010045
0 0.568581 0.505615 0.017864 0.011726
0 0.588667 0.481745 0.017414 0.012894
0 0.569360 0.513486 0.013614 0.011719
0 0.575278 0.520347 0.016958 0.012381
0 0.576055 0.528383 0.018975 0.009702
0 0.584773 0.545437 0.013257 0.013244
0 0.573641 0.538599 0.026911 0.013259
0 0.571958 0.550274 0.015139 0.013876
0 0.570486 0.549959 0.012196 0.011357
0 0.533479 0.584019 0.014722 0.010102
0 0.536210 0.577085 0.010093 0.011987
0 0.490779 0.589993 0.011961 0.010888
0 0.491409 0.595440 0.014960 0.010260
0 0.487786 0.602160 0.016227 0.014092
0 0.480101 0.600559 0.014521 0.010890
0 0.479674 0.606324 0.021353 0.008968
0 0.364807 0.480301 0.014521 0.010568
0 0.384018 0.453883 0.014530 0.009601
0 0.390427 0.465574 0.020470 0.009918
0 0.406005 0.479824 0.020939 0.012178
0 0.368431 0.521781 0.016644 0.011518
0 0.367156 0.516652 0.011528 0.010248
0 0.362784 0.556210 0.016045 0.008502
0 0.382262 0.569954 0.017712 0.014348
0 0.393011 0.568986 0.024097 0.008854
0 0.391242 0.574031 0.023866 0.009025
0 0.386865 0.579253 0.017474 0.007793
0 0.401567 0.576251 0.009511 0.006421
0 0.407115 0.579936 0.007927 0.007133
0 0.411076 0.580052 0.015215 0.007376
0 0.376362 0.530124 0.019339 0.011652
0 0.397454 0.510035 0.017130 0.009990
0 0.396496 0.511341 0.012047 0.009273
0 0.418439 0.545589 0.013472 0.011550
0 0.411015 0.541364 0.010721 0.010526
0 0.443330 0.561267 0.016488 0.012386
0 0.436033 0.556930 0.032166 0.016091
0 0.451154 0.553119 0.016210 0.015464
0 0.414039 0.571882 0.010175 0.007629
0 0.429301 0.571265 0.013747 0.009281
0 0.424350 0.572191 0.019798 0.012374
0 0.401938 0.557483 0.023108 0.018070
0 0.406609 0.553518 0.013277 0.008668
0 0.413494 0.560341 0.019666 0.013093
0 0.404396 0.558957 0.015737 0.015489
0 0.453505 0.571368 0.019974 0.017433
0 0.457581 0.579464 0.012636 0.011617
0 0.393717 0.519035 0.022156 0.020809
0 0.394573 0.491458 0.014947 0.009172
0 0.408161 0.495020 0.015489 0.009385
0 0.402454 0.498694 0.016032 0.008559
0 0.464511 0.560208 0.022685 0.008507
0 0.472183 0.556331 0.010675 0.007755
0 0.469848 0.552202 0.023353 0.013011
0 0.484694 0.559082 0.012345 0.014261
0 0.543912 0.548819 0.014676 0.018274
0 0.507212 0.566963 0.012011 0.011009
0 0.545412 0.556835 0.017682 0.012768
0 0.555919 0.563585 0.016680 0.008757
0 0.546245 0.567840 0.013343 0.009757
0 0.542736 0.565083 0.016359 0.011749
0 0.519560 0.562835 0.021329 0.019767
0 0.522057 0.565962 0.013677 0.012510
0 0.516554 0.552577 0.023353 0.016265
0 0.529398 0.551200 0.014345 0.012009
0 0.491700 0.549199 0.013677 0.010010
0 0.496870 0.548323 0.016015 0.011761
0 0.496037 0.556205 0.011677 0.012510
0 0.480524 0.545450 0.015347 0.009998
0 0.484193 0.539191 0.013347 0.008507
0 0.485853 0.533064 0.014696 0.007250
0 0.482194 0.526435 0.020010 0.017006
0 0.494868 0.523177 0.016680 0.009509
0 0.542407 0.501536 0.019683 0.011753
0 0.534234 0.509164 0.016683 0.009995
0 0.520719 0.485651 0.018356 0.009000
0 0.420306 0.483645 0.011009 0.008008
0 0.428646 0.496280 0.012345 0.010258
0 0.423643 0.499031 0.011009 0.008757
0 0.439828 0.499404 0.010688 0.016019
0 0.440818 0.508915 0.016690 0.009005
0 0.454664 0.506663 0.014355 0.015012
0 0.428146 0.519922 0.008674 0.012016
0 0.435818 0.519425 0.015347 0.013011
0 0.444327 0.516047 0.010341 0.009256
0 0.435820 0.520175 0.011343 0.010007
0 0.460008 0.534561 0.013006 0.008755
0 0.442323 0.534431 0.016346 0.011520
0 0.428312 0.533186 0.011677 0.009506
0 0.434651 0.535562 0.016346 0.017264
0 0.505035 0.535557 0.014997 0.008748
0 0.504876 0.527056 0.016015 0.007257
0 0.519054 0.528063 0.023690 0.013269
0 0.507546 0.531560 0.012011 0.014261
0 0.515885 0.534061 0.014679 0.009258
0 0.513757 0.514333 0.021098 0.013745
0 0.514846 0.516894 0.010248 0.007686
0 0.511119 0.523300 0.018945 0.017701
0 0.498853 0.517710 0.011177 0.008852
0 0.491551 0.514675 0.015840 0.008864
0 0.486123 0.514444 0.014904 0.007460
0 0.451647 0.515730 0.013664 0.008152
0 0.455840 0.520505 0.007143 0.008852
0 0.459048 0.527414 0.012500 0.010379
0 0.468312 0.524903 0.014064 0.008705
0 0.462396 0.519463 0.012054 0.009541
0 0.483051 0.506326 0.010479 0.011709
0 0.496997 0.490084 0.012050 0.010377
0 0.490858 0.497035 0.015843 0.011877
0 0.459721 0.475104 0.014282 0.009534
0 0.433819 0.458276 0.013406 0.010382
0 0.430924 0.469241 0.010268 0.018581
0 0.448780 0.484225 0.014286 0.007701
0 0.467085 0.498371 0.012946 0.007867
0 0.467872 0.493761 0.014051 0.010389
0 0.476230 0.496365 0.016058 0.011877
0 0.484492 0.485810 0.016075 0.010558
0 0.456267 0.484737 0.015840 0.009395
0 0.454585 0.490585 0.009375 0.010045
0 0.465179 0.488736 0.009590 0.015419
0 0.469874 0.484224 0.013618 0.010714
0 0.473783 0.478527 0.022765 0.008046
0 0.486394 0.473006 0.010486 0.012728
0 0.533714 0.481378 0.014511 0.012388
0 0.500564 0.478196 0.019640 0.013733
0 0.500901 0.479286 0.011386 0.005858
0 0.444309 0.474436 0.013221 0.011620
0 0.459502 0.463361 0.012100 0.011820
0 0.451903 0.461566 0.012100 0.011188
0 0.449370 0.467897 0.015479 0.009921
0 0.515929 0.444041 0.020258 0.007800
0 0.560966 0.446261 0.009563 0.007602
0 0.565185 0.453124 0.014630 0.009080
0 0.548292 0.459040 0.012391 0.011186
0 0.556458 0.479613 0.016885 0.011399
0 0.423833 0.452148 0.012679 0.007768
0 0.419215 0.428798 0.018456 0.013400
0 0.438527 0.415182 0.026524 0.021183
0 0.442854 0.415506 0.020747 0.009727
0 0.445303 0.422097 0.016425 0.010370
0 0.448765 0.436047 0.013535 0.008849
0 0.427574 0.443069 0.015552 0.012527
0 0.433924 0.436910 0.016147 0.012312
0 0.435648 0.432906 0.014987 0.011238
0 0.437523 0.429015 0.017579 0.010809
0 0.469965 0.428123 0.013211 0.008924
0 0.445129 0.429575 0.009577 0.009511
0 0.469074 0.450734 0.011892 0.008353
0 0.459742 0.447622 0.010886 0.009132
0 0.457548 0.453836 0.014236 0.009903
0 0.468037 0.441314 0.012927 0.009712
0 0.494428 0.442093 0.011905 0.008929
0 0.482654 0.441124 0.022517 0.014752
0 0.481877 0.432680 0.018892 0.007959
0 0.486665 0.434621 0.019150 0.006017
0 0.526984 0.459152 0.012235 0.008234
0 0.517875 0.464208 0.010354 0.010360
0 0.522740 0.474095 0.019454 0.014122
0 0.533565 0.474330 0.010357 0.007059
0 0.540938 0.473389 0.013806 0.007532
0 0.537174 0.466682 0.013806 0.012004
0 0.567611 0.470329 0.011300 0.016004
0 0.561648 0.469741 0.018826 0.008708
0 0.511599 0.412670 0.012867 0.011768
0 0.481263 0.425455 0.009716 0.008033
0 0.502809 0.413126 0.009964 0.008033
0 0.505051 0.416581 0.017933 0.016441
0 0.503929 0.426483 0.016190 0.012331
0 0.485995 0.424428 0.011210 0.013450
0 0.496207 0.426296 0.014696 0.014571
0 0.504798 0.453480 0.014954 0.006910
0 0.512523 0.454412 0.016442 0.015878
0 0.486043 0.485253 0.020784 0.012753
0 0.502584 0.466605 0.009673 0.009975
0 0.507270 0.462750 0.010579 0.013150
