0 0.432343 0.379467 0.013760 0.010689
0 0.445612 0.392827 0.012778 0.006820
0 0.454456 0.405635 0.017199 0.009950
0 0.440451 0.419547 0.017688 0.010871
0 0.416004 0.430051 0.011055 0.010503
0 0.304835 0.434014 0.013294 0.011426
0 0.281493 0.418626 0.021154 0.014926
0 0.263806 0.406556 0.010351 0.009214
0 0.265400 0.434382 0.018452 0.012530
0 0.190706 0.393011 0.014521 0.011979
0 0.113924 0.403331 0.012312 0.008294
0 0.120437 0.502016 0.009233 0.009598
0 0.168127 0.496705 0.007351 0.009725
0 0.227932 0.476806 0.011280 0.007039
0 0.189124 0.492034 0.009385 0.006017
0 0.197217 0.492866 0.011961 0.005375
0 0.190146 0.505087 0.014504 0.008576
0 0.205238 0.516669 0.027315 0.010238
0 0.228707 0.512381 0.011772 0.008061
0 0.421253 0.470854 0.023565 0.013564
0 0.266404 0.498807 0.019183 0.006448
0 0.244150 0.502780 0.017063 0.008834
0 0.712829 0.334444 0.013509 0.018041
0 0.704653 0.338534 0.009478 0.008442
0 0.431217 0.410962 0.016534 0.012401
0 0.367001 0.602729 0.017745 0.009854
0 0.383808 0.604009 0.015526 0.014973
0 0.406415 0.289187 0.033069 0.019841
0 0.457604 0.531270 0.013310 0.008447
0 0.496895 0.630110 0.013638 0.007021
0 0.631978 0.599148 0.015278 0.012780
0 0.588905 0.555995 0.010913 0.005952
0 0.469284 0.460936 0.006670 0.020603
0 0.466384 0.455883 0.011789 0.009469
0 0.260914 0.494639 0.026194 0.024308
0 0.691523 0.556528 0.012087 0.005779
0 0.597135 0.554885 0.017417 0.013152
0 0.564792 0.556705 0.016481 0.012354
0 0.631976 0.570078 0.021220 0.010836
0 0.671019 0.597140 0.009491 0.013418
0 0.546301 0.591097 0.006042 0.012532
0 0.592940 0.602428 0.008056 0.006399
0 0.582092 0.616647 0.015771 0.011910
0 0.613072 0.633621 0.017063 0.004266
0 0.591091 0.635577 0.014101 0.011198
0 0.514378 0.600384 0.005450 0.010129
0 0.493633 0.622913 0.014692 0.015553
0 0.497067 0.642375 0.023697 0.016262
0 0.429302 0.642775 0.024411 0.018130
0 0.418163 0.650506 0.014931 0.009420
0 0.402221 0.638287 0.018376 0.011997
0 0.459886 0.595131 0.013032 0.008621
0 0.500587 0.546166 0.017655 0.008800
0 0.524345 0.527191 0.013036 0.010131
0 0.633611 0.456641 0.011270 0.008976
0 0.674555 0.442242 0.010427 0.008264
0 0.646356 0.426336 0.014220 0.011466
0 0.681014 0.404917 0.021445 0.010042
0 0.646060 0.357640 0.014812 0.011109
0 0.618806 0.337245 0.009597 0.006577
0 0.514747 0.573982 0.026068 0.026927
0 0.626857 0.335867 0.009137 0.007731
0 0.638120 0.330091 0.007702 0.010930
0 0.564358 0.408028 0.009478 0.006667
0 0.537639 0.395676 0.019312 0.012354
0 0.506708 0.395942 0.010083 0.008442
0 0.599115 0.294332 0.013224 0.005543
0 0.591010 0.285055 0.010380 0.010025
0 0.556386 0.228801 0.011091 0.005866
0 0.545225 0.191208 0.009808 0.007465
0 0.557950 0.167695 0.017632 0.004586
0 0.551442 0.456266 0.014689 0.015613
0 0.495997 0.446675 0.015698 0.006897
0 0.454099 0.459529 0.010764 0.010878
0 0.409565 0.472140 0.021346 0.016880
0 0.299859 0.474054 0.010407 0.007423
0 0.317169 0.471685 0.015033 0.008574
0 0.339266 0.489922 0.020661 0.016381
0 0.426629 0.505482 0.015202 0.013693
0 0.448647 0.561151 0.011435 0.008829
0 0.359836 0.528903 0.012966 0.008574
0 0.373656 0.511370 0.011260 0.008316
0 0.378689 0.521864 0.009044 0.006783
0 0.390463 0.539332 0.011091 0.005632
0 0.367854 0.551937 0.011944 0.009598
0 0.384312 0.595626 0.033287 0.014333
0 0.249772 0.626531 0.020833 0.008063
0 0.296533 0.640223 0.016723 0.008318
0 0.303350 0.630563 0.012302 0.009469
0 0.293461 0.578669 0.013310 0.013182
0 0.198337 0.594871 0.011091 0.008700
0 0.147318 0.545078 0.007679 0.007165
0 0.223325 0.547893 0.014349 0.012795
0 0.235782 0.530681 0.008548 0.007036
0 0.739418 0.522073 0.016534 0.012401
0 0.608466 0.216766 0.016534 0.009921
0 0.727844 0.539187 0.019841 0.014881
0 0.437500 0.541171 0.052910 0.029762
0 0.747685 0.321429 0.039683 0.014881
0 0.163690 0.250248 0.019841 0.012401
0 0.566799 0.160962 0.019841 0.017361
0 0.510582 0.160466 0.023148 0.012401
0 0.151124 0.267609 0.019841 0.012401
0 0.109788 0.299603 0.016534 0.009921
0 0.124008 0.282242 0.026455 0.014881
0 0.208995 0.501984 0.023148 0.009921
0 0.221797 0.521722 0.015017 0.014462
0 0.255622 0.587302 0.019841 0.019841
0 0.746693 0.504960 0.016534 0.014881
0 0.546123 0.587365 0.013032 0.007731
0 0.350451 0.579885 0.009554 0.016892
0 0.503968 0.430060 0.016534 0.019841
0 0.601817 0.184815 0.009527 0.007691
0 0.678241 0.271825 0.019841 0.009921
0 0.487897 0.434370 0.022950 0.010010
0 0.516432 0.159856 0.011376 0.005972
0 0.644180 0.356895 0.036376 0.012401
0 0.671958 0.282986 0.023148 0.012401
0 0.613095 0.240575 0.016534 0.009921
0 0.735780 0.343006 0.019841 0.017361
0 0.630622 0.444196 0.019841 0.012401
0 0.532407 0.441468 0.036376 0.014881
0 0.337302 0.578621 0.042989 0.022321
0 0.385582 0.607639 0.029762 0.014881
0 0.412698 0.429067 0.023148 0.009921
0 0.642196 0.462302 0.016534 0.009921
0 0.436177 0.587798 0.033069 0.014881
0 0.156417 0.299214 0.017199 0.011979
0 0.145484 0.312298 0.010076 0.007924
0 0.273128 0.323446 0.013267 0.011793
0 0.185534 0.272770 0.009091 0.008844
0 0.253104 0.237113 0.014005 0.014559
0 0.319320 0.248261 0.020638 0.016954
0 0.391680 0.299674 0.036118 0.035012
0 0.338853 0.202836 0.014987 0.013083
0 0.419076 0.215920 0.012774 0.013452
0 0.426447 0.228083 0.035380 0.015665
0 0.454580 0.273508 0.005159 0.016585
0 0.492295 0.289816 0.016706 0.006081
0 0.426445 0.326855 0.009828 0.007555
0 0.406789 0.360947 0.011303 0.009400
0 0.384430 0.380020 0.012285 0.006632
0 0.426691 0.372925 0.018674 0.007185
