0 0.416713 0.472793 0.019206 0.028576
0 0.484332 0.493450 0.017639 0.006548
0 0.385820 0.459291 0.009841 0.005833
0 0.378042 0.456249 0.002540 0.011679
0 0.378763 0.453874 0.007130 0.004048
0 0.374874 0.450892 0.011733 0.004774
0 0.371136 0.447741 0.014448 0.002500
0 0.353841 0.437681 0.007794 0.015000
0 0.363991 0.439169 0.008730 0.006071
0 0.366215 0.435716 0.020162 0.012741
0 0.365817 0.426430 0.009841 0.011788
0 0.361143 0.413810 0.006207 0.007738
0 0.354165 0.410534 0.010003 0.007860
0 0.345107 0.403392 0.005572 0.014288
0 0.363118 0.398152 0.011746 0.009286
0 0.366531 0.382727 0.009365 0.004893
0 0.367168 0.364399 0.014765 0.012026
0 0.372326 0.349324 0.012067 0.013098
0 0.386534 0.336240 0.013492 0.009048
0 0.365018 0.332842 0.012688 0.007728
0 0.375741 0.322655 0.003968 0.009526
0 0.386614 0.282840 0.013651 0.010595
0 0.387884 0.283496 0.012381 0.010479
0 0.417252 0.290103 0.014603 0.013455
0 0.442017 0.280578 0.021270 0.012738
0 0.402664 0.250574 0.006670 0.008931
0 0.516956 0.261290 0.008588 0.005833
0 0.528464 0.273435 0.008714 0.006071
0 0.511549 0.273495 0.007940 0.006190
0 0.498532 0.283078 0.007937 0.007262
0 0.466782 0.296473 0.006984 0.005714
0 0.467346 0.314392 0.007126 0.004643
0 0.526004 0.292485 0.011095 0.007024
0 0.544808 0.290281 0.011270 0.009288
0 0.580526 0.279209 0.005873 0.011667
0 0.517827 0.296295 0.020496 0.007500
0 0.568383 0.316773 0.009206 0.010357
0 0.571566 0.312369 0.012397 0.005833
0 0.465604 0.322502 0.012404 0.007371
0 0.450445 0.331287 0.010751 0.007440
0 0.429362 0.345894 0.011759 0.012954
0 0.445023 0.349891 0.009279 0.006751
0 0.449066 0.355680 0.007808 0.008130
0 0.450400 0.341381 0.015066 0.007649
0 0.458762 0.346102 0.017464 0.012125
0 0.461194 0.339934 0.009094 0.006545
0 0.466062 0.339659 0.008360 0.010543
0 0.476903 0.328911 0.008912 0.018810
0 0.473090 0.339591 0.007166 0.003790
0 0.481726 0.342588 0.010840 0.006476
0 0.490959 0.352303 0.024345 0.019844
0 0.497068 0.349408 0.011577 0.005236
0 0.401531 0.381141 0.007606 0.011523
0 0.463490 0.354750 0.005235 0.008061
0 0.465694 0.344861 0.007811 0.007029
0 0.477867 0.362052 0.015800 0.012473
0 0.485309 0.368392 0.005698 0.009303
0 0.474101 0.361535 0.010655 0.005789
0 0.468406 0.362949 0.009372 0.005719
0 0.432313 0.379490 0.004950 0.011724
0 0.445790 0.378232 0.004894 0.011200
0 0.442204 0.379128 0.020360 0.011481
0 0.437313 0.383534 0.005903 0.006424
0 0.399461 0.388938 0.005370 0.010769
0 0.404937 0.404190 0.019299 0.008976
0 0.436835 0.404810 0.012705 0.023445
0 0.448264 0.401899 0.009729 0.003827
0 0.459506 0.409934 0.007979 0.005781
0 0.450681 0.420259 0.008618 0.006257
0 0.397216 0.440852 0.008327 0.006644
0 0.412012 0.443795 0.011432 0.010069
0 0.422336 0.438410 0.013204 0.004752
0 0.445972 0.432344 0.010013 0.007991
0 0.463487 0.452416 0.017867 0.002872
0 0.482560 0.444235 0.014418 0.006411
0 0.494011 0.456101 0.014226 0.014067
0 0.495412 0.436866 0.009130 0.007369
0 0.472034 0.423588 0.010463 0.006173
0 0.488456 0.423467 0.005946 0.009568
0 0.504061 0.422343 0.005615 0.008564
0 0.468203 0.374447 0.019785 0.008373
0 0.525594 0.407463 0.014481 0.007321
0 0.532518 0.393945 0.009944 0.027369
0 0.513626 0.417248 0.012894 0.010623
0 0.524185 0.422414 0.008747 0.011580
0 0.483163 0.391669 0.019210 0.014206
0 0.475446 0.396048 0.007335 0.010722
0 0.498095 0.387940 0.012183 0.014308
0 0.507250 0.374303 0.015949 0.012584
0 0.510691 0.388012 0.040582 0.006987
0 0.503773 0.403492 0.012440 0.005407
0 0.504694 0.406742 0.018509 0.005117
0 0.522434 0.421889 0.005106 0.004115
0 0.536434 0.421456 0.022272 0.011766
0 0.546450 0.414924 0.003899 0.013544
0 0.540074 0.376720 0.012186 0.008420
0 0.510312 0.361312 0.007530 0.006890
0 0.511971 0.362174 0.019140 0.011768
0 0.531366 0.358367 0.007659 0.013346
0 0.555385 0.363012 0.011419 0.006555
0 0.520073 0.345810 0.006892 0.014740
0 0.543133 0.337986 0.015255 0.010863
0 0.553437 0.342628 0.011233 0.009903
0 0.564478 0.339661 0.012123 0.003301
0 0.570316 0.339733 0.013972 0.010335
0 0.608115 0.242001 0.006858 0.003750
0 0.590856 0.339733 0.012440 0.015598
0 0.632401 0.546498 0.008433 0.008383
0 0.678972 0.541221 0.019048 0.014358
0 0.686997 0.520419 0.012143 0.009965
0 0.726852 0.446329 0.008241 0.005223
0 0.702979 0.419020 0.007017 0.004544
0 0.723781 0.378501 0.007920 0.006302
0 0.734868 0.376647 0.007976 0.007376
0 0.729922 0.370288 0.012550 0.010367
0 0.683943 0.352913 0.011412 0.005841
0 0.717717 0.492990 0.020460 0.017140
0 0.687598 0.350061 0.007497 0.006396
0 0.684109 0.345133 0.007021 0.006396
0 0.713834 0.311656 0.014091 0.008306
0 0.698616 0.318434 0.013423 0.007309
0 0.689755 0.315890 0.004649 0.004752
0 0.688224 0.294603 0.009464 0.008175
0 0.670017 0.277955 0.006435 0.009650
0 0.679851 0.277996 0.013347 0.006300
0 0.682631 0.437530 0.006637 0.005263
0 0.656954 0.437267 0.013604 0.007703
0 0.643391 0.426572 0.014924 0.004211
0 0.633279 0.435832 0.017794 0.008276
0 0.637586 0.430114 0.010198 0.005933
0 0.620660 0.432506 0.007192 0.010047
0 0.669739 0.477005 0.013022 0.006987
0 0.665980 0.485356 0.008039 0.004928
0 0.631146 0.470187 0.010976 0.014020
0 0.635832 0.479399 0.019593 0.010335
0 0.618032 0.487293 0.019339 0.012631
0 0.620427 0.479325 0.022712 0.019856
0 0.621161 0.489518 0.013843 0.005692
0 0.644225 0.511014 0.019937 0.007932
0 0.642156 0.510495 0.011025 0.005236
0 0.647715 0.518073 0.004504 0.013780
0 0.616710 0.516146 0.015615 0.004415
0 0.596268 0.508186 0.010195 0.012473
0 0.592641 0.514594 0.015618 0.007096
0 0.635589 0.530856 0.006706 0.006820
0 0.634165 0.535778 0.010473 0.005384
0 0.626171 0.531164 0.011025 0.009784
0 0.614229 0.528202 0.008452 0.015298
0 0.592042 0.529546 0.017364 0.017847
0 0.590985 0.528584 0.003677 0.009995
0 0.592042 0.537573 0.017364 0.002344
0 0.602333 0.539092 0.003403 0.008274
0 0.608578 0.547184 0.008545 0.006545
0 0.616617 0.549079 0.015066 0.004824
0 0.613907 0.562584 0.015896 0.007302
0 0.556442 0.531662 0.015985 0.012609
0 0.566640 0.538069 0.018743 0.013023
0 0.567007 0.563770 0.022050 0.003651
0 0.546627 0.577980 0.007718 0.012299
0 0.555557 0.584679 0.010909 0.007989
0 0.642786 0.438296 0.019719 0.018755
0 0.649679 0.450832 0.007467 0.006029
0 0.677941 0.461742 0.018819 0.009283
0 0.677017 0.469110 0.011865 0.010432
0 0.550167 0.588770 0.019395 0.011771
0 0.540980 0.586187 0.003191 0.017225
0 0.545734 0.595086 0.006700 0.012250
0 0.540309 0.596282 0.018819 0.003924
0 0.498395 0.600086 0.026987 0.009139
0 0.475013 0.612527 0.018499 0.007034
0 0.487135 0.546462 0.023733 0.009903
0 0.520934 0.549846 0.010360 0.011493
0 0.530141 0.553527 0.005843 0.013065
0 0.515532 0.527465 0.032705 0.044236
0 0.537323 0.521223 0.016842 0.006776
0 0.552750 0.517576 0.027788 0.004536
0 0.549306 0.513500 0.014775 0.006488
0 0.535984 0.505117 0.010334 0.008095
0 0.519064 0.504198 0.009570 0.016019
0 0.529897 0.487403 0.005972 0.009187
0 0.501949 0.488637 0.015625 0.009933
0 0.509686 0.474857 0.021435 0.004308
0 0.538932 0.470810 0.017149 0.004249
0 0.613958 0.460790 0.010106 0.009591
0 0.605038 0.454187 0.015387 0.003730
0 0.592178 0.447267 0.014011 0.022738
0 0.587469 0.440980 0.005665 0.012574
0 0.576405 0.436646 0.016462 0.026758
0 0.559066 0.453900 0.006736 0.006029
0 0.547429 0.439774 0.010565 0.003274
0 0.549420 0.439344 0.017457 0.009645
0 0.562244 0.436416 0.020288 0.012748
0 0.553285 0.429325 0.026716 0.010392
0 0.528099 0.440033 0.003142 0.006545
0 0.537745 0.431450 0.010026 0.005915
0 0.575104 0.440320 0.008191 0.006890
0 0.599635 0.429955 0.008132 0.013264
0 0.586551 0.422664 0.003062 0.011657
0 0.619350 0.411070 0.014170 0.008564
0 0.600866 0.413047 0.012401 0.007463
0 0.590685 0.415804 0.014087 0.006890
0 0.576445 0.407563 0.021283 0.010851
0 0.564043 0.408511 0.008727 0.010796
0 0.556392 0.400759 0.004583 0.015387
0 0.558338 0.392346 0.012788 0.007981
0 0.569018 0.391285 0.006429 0.009072
0 0.574339 0.386261 0.011561 0.012116
0 0.664405 0.397457 0.014709 0.007522
0 0.646992 0.395677 0.020136 0.010967
0 0.656328 0.385658 0.009732 0.006317
0 0.634208 0.374834 0.014315 0.005685
0 0.610972 0.378079 0.008267 0.004477
0 0.584826 0.374260 0.012173 0.008326
0 0.606877 0.350260 0.006968 0.004995
0 0.624332 0.354710 0.006508 0.005972
0 0.659241 0.344661 0.010797 0.011486
0 0.640127 0.336064 0.009091 0.005982
0 0.631936 0.321530 0.011743 0.015432
0 0.623882 0.309009 0.010959 0.007135
0 0.633186 0.293777 0.009891 0.006577
0 0.640043 0.271069 0.005311 0.005903
0 0.428853 0.426195 0.012731 0.011632
0 0.638507 0.494962 0.032682 0.009392
0 0.640643 0.497939 0.008859 0.012143
0 0.656528 0.498740 0.021078 0.013745
0 0.584595 0.471250 0.040321 0.013745
0 0.567184 0.476176 0.012219 0.013517
0 0.544428 0.500231 0.008856 0.006186
0 0.500000 0.245784 0.023148 0.017361
0 0.259775 0.416972 0.012698 0.010417
0 0.236822 0.434534 0.006217 0.013790
0 0.256138 0.450805 0.018915 0.011213
0 0.292252 0.451153 0.014418 0.005357
0 0.260569 0.478487 0.012963 0.007242
0 0.276708 0.466928 0.015083 0.010518
0 0.293839 0.474221 0.010450 0.008631
0 0.301711 0.426398 0.013231 0.007046
0 0.315999 0.422876 0.011640 0.010518
0 0.305547 0.437361 0.011908 0.005952
0 0.304028 0.446936 0.007804 0.009427
0 0.281935 0.402237 0.014683 0.006151
0 0.259841 0.377830 0.007011 0.007738
0 0.267976 0.374606 0.006878 0.016766
0 0.304952 0.358730 0.011511 0.009028
0 0.310311 0.365626 0.011111 0.006550
0 0.311898 0.377979 0.009259 0.010020
0 0.340737 0.384974 0.008730 0.014487
0 0.333462 0.398219 0.007143 0.012599
0 0.308261 0.395739 0.010450 0.011607
0 0.310377 0.406703 0.007011 0.009129
0 0.331210 0.428930 0.012381 0.008693
0 0.342163 0.449170 0.004444 0.010360
0 0.318272 0.460303 0.007464 0.005476
0 0.327480 0.468518 0.014127 0.014288
0 0.320415 0.465899 0.013019 0.008812
0 0.307080 0.471197 0.016190 0.005360
0 0.302477 0.492330 0.008571 0.007145
0 0.278902 0.497034 0.008413 0.008214
0 0.270329 0.505010 0.017940 0.005357
0 0.266202 0.513636 0.010003 0.012847
0 0.280093 0.522328 0.009524 0.009536
0 0.285013 0.518697 0.012381 0.011535
0 0.305731 0.515060 0.011270 0.010714
0 0.331448 0.505069 0.010635 0.006190
0 0.351769 0.506321 0.004921 0.008455
0 0.327798 0.518875 0.006190 0.006416
0 0.335258 0.528460 0.038578 0.012252
0 0.314540 0.540657 0.010159 0.004048
0 0.299142 0.548230 0.015559 0.007264
0 0.313748 0.550010 0.014606 0.008229
0 0.341450 0.564411 0.011908 0.008931
0 0.406298 0.578817 0.014606 0.007262
0 0.436777 0.565661 0.026035 0.011907
0 0.477735 0.584056 0.004444 0.016550
0 0.443684 0.552624 0.018254 0.010595
0 0.465671 0.548158 0.012063 0.014050
0 0.472660 0.535657 0.005407 0.027386
0 0.405845 0.532462 0.013654 0.011074
0 0.367652 0.527216 0.024306 0.014050
0 0.394805 0.518703 0.009365 0.006786
0 0.366857 0.498927 0.005255 0.015836
0 0.362500 0.487258 0.014286 0.006550
0 0.371232 0.491306 0.022226 0.014407
0 0.339165 0.474638 0.027940 0.022743
0 0.352331 0.471006 0.013671 0.016193
0 0.378446 0.468565 0.018591 0.007502
0 0.400195 0.494819 0.012242 0.030481
0 0.451083 0.505356 0.029527 0.026074
0 0.436635 0.501844 0.031749 0.016193
0 0.417181 0.470410 0.015731 0.010717
