0 0.253307 0.614831 0.016534 0.017361
0 0.310185 0.650298 0.016534 0.014881
0 0.334656 0.644345 0.023148 0.012401
0 0.356812 0.639385 0.016534 0.012401
0 0.698413 0.433036 0.029762 0.022321
0 0.581019 0.368552 0.019841 0.022321
0 0.587632 0.379712 0.026455 0.019841
0 0.466931 0.473958 0.023148 0.009921
0 0.480159 0.475198 0.016534 0.027282
0 0.498347 0.468998 0.026455 0.014881
0 0.483466 0.496280 0.016534 0.014881
0 0.511574 0.498760 0.033069 0.024802
0 0.506614 0.440476 0.016534 0.022321
0 0.521495 0.467758 0.052910 0.037202
0 0.399802 0.647569 0.016534 0.017361
0 0.447090 0.640129 0.016534 0.017361
0 0.384259 0.614087 0.029762 0.014881
0 0.660384 0.631448 0.019841 0.014881
0 0.396825 0.682292 0.019841 0.022321
0 0.403439 0.686012 0.019841 0.019841
0 0.435516 0.689732 0.013228 0.017361
0 0.424603 0.698413 0.026455 0.024802
0 0.492725 0.658730 0.033069 0.024802
0 0.458003 0.690972 0.023148 0.014881
0 0.462963 0.683532 0.019841 0.009921
0 0.462963 0.674851 0.026455 0.012401
0 0.425265 0.714286 0.023148 0.009921
0 0.303571 0.699157 0.016534 0.012401
0 0.526786 0.676091 0.019841 0.014881
0 0.571759 0.647321 0.019841 0.014881
0 0.594246 0.667659 0.033069 0.014881
0 0.472884 0.442460 0.019841 0.022321
0 0.573413 0.569940 0.033069 0.022321
0 0.596892 0.581101 0.029762 0.019841
0 0.595238 0.597222 0.033069 0.027282
0 0.127315 0.509921 0.023148 0.014881
0 0.216270 0.532242 0.026455 0.014881
0 0.178241 0.511161 0.023148 0.012401
0 0.423942 0.604167 0.023148 0.014881
0 0.630622 0.597966 0.026455 0.022321
0 0.701058 0.597966 0.026455 0.022321
0 0.503968 0.630208 0.039683 0.022321
0 0.521495 0.611607 0.033069 0.034722
0 0.642196 0.508681 0.023148 0.017361
0 0.262897 0.531002 0.023148 0.012401
0 0.349537 0.570685 0.013228 0.012401
0 0.702381 0.538442 0.026455 0.022321
0 0.687831 0.542163 0.033069 0.019841
0 0.639550 0.570685 0.026455 0.012401
0 0.256283 0.486359 0.023148 0.012401
0 0.259259 0.507440 0.019841 0.014881
0 0.550595 0.511161 0.023148 0.012401
0 0.089286 0.471478 0.026455 0.012401
0 0.512235 0.533482 0.016534 0.012401
0 0.504299 0.527282 0.023148 0.014881
0 0.460979 0.505704 0.026455 0.024802
0 0.127976 0.464782 0.026455 0.012401
0 0.394180 0.549603 0.016534 0.014881
0 0.414021 0.554563 0.016534 0.014881
0 0.443122 0.607391 0.019841 0.019841
0 0.430556 0.531002 0.016534 0.017361
0 0.509259 0.561508 0.019841 0.017361
0 0.498347 0.550099 0.019841 0.012401
0 0.169312 0.485863 0.016534 0.014881
0 0.166997 0.473958 0.029762 0.022321
0 0.176587 0.461558 0.019841 0.012401
0 0.175926 0.449901 0.016534 0.012401
0 0.128968 0.421875 0.019841 0.017361
0 0.143519 0.380952 0.019841 0.014881
0 0.530423 0.546379 0.019841 0.019841
0 0.572751 0.548859 0.029762 0.019841
0 0.283399 0.354911 0.019841 0.034722
0 0.255291 0.333829 0.016534 0.014881
0 0.228836 0.353671 0.062831 0.052083
0 0.233796 0.371032 0.033069 0.017361
0 0.294974 0.340030 0.029762 0.014881
0 0.240410 0.349950 0.026455 0.009921
0 0.227183 0.373512 0.026455 0.014881
0 0.240410 0.372272 0.019841 0.017361
0 0.597553 0.508681 0.026455 0.032242
0 0.592593 0.488839 0.036376 0.042163
0 0.354497 0.409474 0.016534 0.017361
0 0.347884 0.444196 0.023148 0.017361
0 0.351190 0.436756 0.042989 0.047123
0 0.326389 0.433036 0.019841 0.014881
0 0.266865 0.405754 0.026455 0.019841
0 0.270172 0.405754 0.019841 0.014881
0 0.308201 0.411954 0.023148 0.014881
0 0.316468 0.419395 0.019841 0.019841
0 0.514881 0.411954 0.033069 0.014881
0 0.546296 0.413194 0.023148 0.017361
0 0.514881 0.423115 0.033069 0.012401
0 0.690146 0.390873 0.026455 0.027282
0 0.701720 0.392113 0.042989 0.034722
0 0.703373 0.400794 0.023148 0.017361
0 0.624008 0.223462 0.026455 0.019841
0 0.749669 0.416915 0.049603 0.027282
0 0.405754 0.309028 0.023148 0.017361
0 0.227183 0.511161 0.036376 0.024802
0 0.220569 0.513641 0.023148 0.024802
0 0.313161 0.534722 0.049603 0.022321
0 0.311508 0.524802 0.039683 0.014881
0 0.286706 0.452877 0.023148 0.014881
0 0.610780 0.346230 0.029762 0.019841
0 0.544643 0.363591 0.016534 0.024802
0 0.185847 0.389633 0.013228 0.017361
0 0.313161 0.389633 0.016534 0.012401
0 0.423942 0.335069 0.019841 0.022321
0 0.417328 0.353671 0.039683 0.024802
0 0.394180 0.364831 0.026455 0.017361
0 0.642196 0.406994 0.019841 0.027282
0 0.437169 0.454117 0.019841 0.012401
0 0.422288 0.420635 0.023148 0.009921
0 0.339616 0.398313 0.023148 0.009921
0 0.382606 0.424355 0.029762 0.012401
0 0.658730 0.431796 0.026455 0.017361
0 0.556217 0.389633 0.019841 0.022321
0 0.304894 0.452877 0.019841 0.019841
0 0.321429 0.471478 0.019841 0.027282
0 0.351190 0.481399 0.026455 0.027282
0 0.346230 0.487599 0.036376 0.029762
0 0.559524 0.450397 0.019841 0.019841
0 0.410714 0.398313 0.039683 0.019841
0 0.440476 0.366071 0.033069 0.014881
0 0.190807 0.315228 0.019841 0.029762
0 0.192460 0.410714 0.019841 0.009921
0 0.151124 0.335069 0.026455 0.017361
0 0.174272 0.320188 0.029762 0.014881
0 0.218915 0.326389 0.026455 0.017361
0 0.190807 0.347470 0.019841 0.014881
0 0.147817 0.358631 0.026455 0.012401
0 0.132937 0.351190 0.016534 0.017361
0 0.461971 0.219742 0.019841 0.017361
0 0.518188 0.213542 0.029762 0.012401
0 0.567791 0.242063 0.033069 0.012401
0 0.498347 0.253224 0.026455 0.014881
0 0.561177 0.265625 0.033069 0.014881
0 0.438823 0.271825 0.026455 0.017361
0 0.457011 0.275546 0.029762 0.014881
0 0.460317 0.295387 0.023148 0.034722
0 0.237103 0.280506 0.046296 0.014881
0 0.283399 0.218502 0.072751 0.019841
0 0.326389 0.219742 0.019841 0.017361
0 0.339616 0.206101 0.033069 0.014881
0 0.326389 0.197421 0.033069 0.017361
0 0.635582 0.282986 0.042989 0.014881
0 0.318122 0.284226 0.016534 0.022321
0 0.309854 0.280506 0.019841 0.029762
0 0.283399 0.385913 0.019841 0.012401
0 0.539683 0.321429 0.036376 0.012401
0 0.549603 0.311508 0.023148 0.017361
0 0.557870 0.294147 0.019841 0.019841
0 0.480159 0.374752 0.023148 0.017361
0 0.470238 0.404514 0.016534 0.017361
0 0.485119 0.403274 0.019841 0.014881
0 0.415675 0.198661 0.019841 0.017361
0 0.374339 0.456597 0.023148 0.012401
0 0.415675 0.461558 0.026455 0.017361
0 0.404101 0.460317 0.023148 0.027282
0 0.531415 0.441716 0.019841 0.014881
0 0.642196 0.333829 0.016534 0.022321
0 0.622354 0.320188 0.016534 0.014881
0 0.633929 0.315228 0.023148 0.017361
0 0.671958 0.285466 0.026455 0.049603
0 0.293320 0.325149 0.023148 0.009921
0 0.268519 0.320188 0.069444 0.014881
0 0.225529 0.408234 0.052910 0.022321
0 0.238757 0.389633 0.023148 0.014881
0 0.238757 0.434276 0.016534 0.009921
0 0.258598 0.426835 0.016534 0.024802
0 0.232143 0.447917 0.016534 0.012401
0 0.217262 0.446677 0.019841 0.014881
0 0.195767 0.455357 0.023148 0.017361
0 0.600860 0.461558 0.039683 0.019841
0 0.614087 0.450397 0.013228 0.027282
0 0.602513 0.429315 0.042989 0.034722
0 0.738095 0.464038 0.049603 0.039683
