0 0.694114 0.279762 0.019841 0.019841
0 0.621362 0.416667 0.019841 0.014881
0 0.530754 0.384673 0.019841 0.022321
0 0.525463 0.374008 0.026455 0.014881
0 0.541336 0.373016 0.019841 0.014881
0 0.601190 0.421627 0.016534 0.014881
0 0.530093 0.681548 0.026455 0.009921
0 0.564484 0.678571 0.019841 0.012401
0 0.729167 0.649306 0.033069 0.009921
0 0.552249 0.665427 0.023148 0.017361
0 0.485119 0.677827 0.019841 0.012401
0 0.483466 0.670387 0.016534 0.017361
0 0.500000 0.648065 0.016534 0.012401
0 0.498347 0.657986 0.019841 0.017361
0 0.618717 0.638889 0.026455 0.014881
0 0.605159 0.631448 0.042989 0.009921
0 0.622685 0.621528 0.033069 0.014881
0 0.621032 0.609127 0.042989 0.024802
0 0.299603 0.610367 0.016534 0.017361
0 0.437649 0.666654 0.009226 0.011533
0 0.429125 0.648425 0.020751 0.006920
0 0.431424 0.657943 0.025380 0.006347
0 0.430556 0.652530 0.019841 0.019841
0 0.334656 0.585565 0.026455 0.014881
0 0.337963 0.565724 0.013228 0.014881
0 0.207341 0.553323 0.023148 0.014881
0 0.235450 0.581845 0.019841 0.012401
0 0.213955 0.522321 0.016534 0.012401
0 0.371032 0.609127 0.026455 0.017361
0 0.615410 0.421627 0.033069 0.019841
0 0.598876 0.424107 0.019841 0.019841
0 0.643188 0.392113 0.019841 0.012401
0 0.635251 0.375248 0.019841 0.017361
0 0.548942 0.287450 0.016534 0.007440
0 0.525794 0.293651 0.023148 0.009921
0 0.519511 0.288938 0.019841 0.012401
0 0.494048 0.372520 0.016534 0.014881
0 0.488757 0.382688 0.016534 0.017361
0 0.500992 0.375000 0.013228 0.014881
0 0.504630 0.387401 0.023148 0.014881
0 0.627315 0.380456 0.026455 0.009921
0 0.613095 0.384673 0.023148 0.012401
0 0.607474 0.377728 0.019841 0.012401
0 0.600860 0.382440 0.019841 0.009921
0 0.501984 0.281498 0.016534 0.012401
0 0.379299 0.223462 0.033069 0.032242
0 0.560185 0.299107 0.016534 0.009921
0 0.571098 0.328373 0.013228 0.014881
0 0.621362 0.292163 0.019841 0.014881
0 0.706680 0.558284 0.016534 0.017361
0 0.709987 0.543403 0.023148 0.012401
0 0.581019 0.568204 0.016534 0.017361
0 0.640542 0.588046 0.016534 0.014881
0 0.633929 0.570685 0.016534 0.009921
0 0.660384 0.570685 0.029762 0.019841
0 0.635582 0.555804 0.019841 0.019841
0 0.673611 0.558284 0.023148 0.014881
0 0.662037 0.540923 0.059524 0.019841
0 0.676918 0.545883 0.036376 0.019841
0 0.749669 0.621528 0.026455 0.014881
0 0.248677 0.602927 0.026455 0.014881
0 0.566138 0.611607 0.023148 0.017361
0 0.579365 0.619048 0.029762 0.007440
0 0.528108 0.626488 0.023148 0.009921
0 0.518188 0.606647 0.023148 0.009921
0 0.445437 0.631448 0.036376 0.024802
0 0.435516 0.636409 0.023148 0.009921
0 0.445437 0.624008 0.023148 0.009921
0 0.238757 0.604167 0.019841 0.012401
0 0.266865 0.600446 0.023148 0.009921
0 0.306548 0.579365 0.023148 0.022321
0 0.665344 0.616567 0.026455 0.012401
0 0.666997 0.609127 0.023148 0.012401
0 0.673611 0.606647 0.036376 0.017361
0 0.460317 0.597966 0.013228 0.012401
0 0.457011 0.611607 0.033069 0.014881
0 0.465278 0.611607 0.016534 0.009921
0 0.253638 0.549603 0.062831 0.037202
0 0.278439 0.538442 0.033069 0.014881
0 0.294974 0.543403 0.026455 0.009921
0 0.293320 0.563244 0.016534 0.009921
0 0.293320 0.550843 0.023148 0.024802
0 0.412368 0.602183 0.026455 0.012401
0 0.417328 0.614583 0.019841 0.017361
0 0.421627 0.605903 0.026455 0.014881
0 0.339616 0.513641 0.023148 0.012401
0 0.336310 0.528522 0.023148 0.022321
0 0.356151 0.523562 0.023148 0.022321
0 0.356151 0.537202 0.029762 0.014881
0 0.435516 0.576885 0.016534 0.012401
0 0.410714 0.585565 0.019841 0.009921
0 0.380952 0.595486 0.019841 0.009921
0 0.375992 0.548363 0.016534 0.017361
0 0.375992 0.531002 0.016534 0.017361
0 0.377646 0.514881 0.019841 0.014881
0 0.333003 0.547123 0.016534 0.014881
0 0.484458 0.577381 0.023148 0.019841
0 0.477844 0.621528 0.016534 0.014881
0 0.494378 0.622024 0.019841 0.019841
0 0.502646 0.626488 0.023148 0.022321
0 0.550595 0.620288 0.013228 0.012401
0 0.552249 0.597842 0.023148 0.025050
0 0.553902 0.590526 0.026455 0.019841
0 0.467923 0.574405 0.019841 0.019841
0 0.460317 0.583085 0.036376 0.012401
0 0.685185 0.511657 0.016534 0.012401
0 0.476852 0.594246 0.019841 0.014881
0 0.486772 0.591022 0.033069 0.019841
0 0.497685 0.592262 0.013228 0.014881
0 0.465278 0.587302 0.019841 0.014881
0 0.407407 0.553323 0.013228 0.014881
0 0.520833 0.552083 0.013228 0.017361
0 0.484458 0.555060 0.016534 0.009921
0 0.463624 0.560764 0.016534 0.014881
0 0.505952 0.548859 0.023148 0.017361
0 0.496032 0.549603 0.026455 0.014881
0 0.476190 0.543403 0.019841 0.014881
0 0.541336 0.533978 0.019841 0.007440
0 0.685185 0.498016 0.026455 0.017361
0 0.434854 0.526042 0.016534 0.019841
0 0.422288 0.532738 0.019841 0.017361
0 0.549603 0.545883 0.026455 0.009921
0 0.204034 0.499256 0.023148 0.014881
0 0.240410 0.490575 0.016534 0.014881
0 0.254630 0.502976 0.019841 0.014881
0 0.217262 0.467014 0.013228 0.014881
0 0.179233 0.470734 0.013228 0.014881
0 0.147156 0.466518 0.013228 0.014881
0 0.157077 0.447173 0.016534 0.012401
0 0.156085 0.437996 0.026455 0.009921
0 0.196759 0.407490 0.039683 0.027282
0 0.234788 0.426091 0.019841 0.017361
0 0.261905 0.411210 0.016534 0.017361
0 0.720899 0.483135 0.026455 0.014881
0 0.382606 0.500000 0.016534 0.014881
0 0.611772 0.491815 0.029762 0.019841
0 0.598545 0.481399 0.016534 0.012401
0 0.589286 0.482639 0.026455 0.024802
0 0.662037 0.464534 0.019841 0.014881
0 0.419974 0.442212 0.013228 0.019841
0 0.399140 0.482639 0.013228 0.012401
0 0.405754 0.486855 0.026455 0.012401
0 0.795304 0.437996 0.016534 0.012401
0 0.710979 0.441716 0.016534 0.012401
0 0.687831 0.468254 0.019841 0.009921
0 0.555556 0.507937 0.016534 0.017361
0 0.562169 0.514881 0.019841 0.012401
0 0.559524 0.529762 0.029762 0.037202
0 0.423280 0.494296 0.026455 0.009921
0 0.506614 0.516121 0.029762 0.014881
0 0.509259 0.513641 0.026455 0.009921
0 0.596892 0.440476 0.016534 0.009921
0 0.463624 0.486359 0.016534 0.014881
0 0.467923 0.476438 0.023148 0.024802
0 0.337302 0.462798 0.013228 0.009921
0 0.464616 0.453621 0.009921 0.019841
0 0.463624 0.441220 0.029762 0.014881
0 0.444444 0.449653 0.019841 0.019841
0 0.274140 0.480655 0.016534 0.017361
0 0.273479 0.462302 0.033069 0.022321
0 0.293320 0.459077 0.019841 0.012401
0 0.515542 0.487103 0.023148 0.022321
0 0.504299 0.484623 0.016534 0.012401
0 0.486772 0.492560 0.029762 0.019841
0 0.353505 0.495536 0.023148 0.012401
0 0.362103 0.439732 0.016534 0.014881
0 0.373347 0.433036 0.023148 0.014881
0 0.361772 0.467758 0.026455 0.019841
0 0.299934 0.409474 0.026455 0.012401
0 0.336971 0.489335 0.016534 0.014881
0 0.409061 0.429315 0.019841 0.012401
0 0.286706 0.479415 0.013228 0.019841
0 0.358466 0.397817 0.019841 0.012401
0 0.277778 0.507440 0.033069 0.039683
0 0.271164 0.499504 0.019841 0.017361
0 0.294312 0.516865 0.026455 0.017361
0 0.286045 0.500744 0.016534 0.014881
0 0.297619 0.496776 0.019841 0.014881
0 0.306548 0.434276 0.019841 0.014881
0 0.318783 0.497024 0.026455 0.022321
0 0.388558 0.426091 0.016534 0.022321
0 0.299934 0.449901 0.019841 0.017361
0 0.284061 0.419891 0.023148 0.014881
0 0.277778 0.410714 0.026455 0.019841
0 0.205688 0.356647 0.023148 0.012401
0 0.319775 0.463294 0.019841 0.012401
0 0.318122 0.474702 0.023148 0.022321
0 0.200728 0.371528 0.019841 0.012401
0 0.222884 0.379712 0.013228 0.022321
0 0.456019 0.284226 0.016534 0.009921
0 0.616733 0.447421 0.016534 0.012401
0 0.680225 0.370288 0.013228 0.014881
0 0.667989 0.373016 0.019841 0.012401
0 0.427910 0.220238 0.019841 0.012401
0 0.255291 0.394593 0.056217 0.032242
0 0.248677 0.387897 0.029762 0.017361
0 0.264550 0.305804 0.019841 0.014881
0 0.247685 0.347966 0.016534 0.009921
0 0.359458 0.251240 0.019841 0.009921
0 0.777778 0.421379 0.049603 0.034722
0 0.771164 0.401290 0.029762 0.012401
0 0.772156 0.407738 0.042989 0.012401
0 0.246032 0.365575 0.013228 0.012401
0 0.726521 0.379216 0.026455 0.024802
0 0.728175 0.384177 0.029762 0.014881
0 0.262566 0.362847 0.019841 0.014881
0 0.343585 0.387153 0.023148 0.012401
0 0.390873 0.411458 0.029762 0.014881
0 0.328042 0.379216 0.023148 0.009921
0 0.318122 0.373512 0.023148 0.014881
0 0.305886 0.364335 0.016534 0.009921
0 0.336971 0.352927 0.016534 0.014881
0 0.421296 0.270089 0.019841 0.009921
0 0.383598 0.366815 0.013228 0.014881
0 0.377646 0.356151 0.016534 0.014881
0 0.493386 0.250000 0.016534 0.012401
0 0.368386 0.302827 0.026455 0.012401
0 0.358796 0.299603 0.023148 0.017361
0 0.280093 0.363591 0.019841 0.009921
0 0.285714 0.369792 0.033069 0.012401
0 0.664683 0.313988 0.026455 0.014881
0 0.690146 0.455357 0.039683 0.014881
0 0.695106 0.459077 0.023148 0.012401
0 0.752315 0.335565 0.023148 0.014881
0 0.548611 0.423611 0.023148 0.017361
0 0.538690 0.439732 0.023148 0.014881
0 0.558862 0.438492 0.026455 0.017361
0 0.654431 0.438740 0.036376 0.034722
0 0.631283 0.433036 0.023148 0.024802
0 0.642857 0.423859 0.019841 0.019841
0 0.474868 0.281498 0.016534 0.012401
0 0.557870 0.375000 0.013228 0.014881
0 0.464616 0.390873 0.026455 0.024802
0 0.462963 0.401290 0.029762 0.009921
0 0.678241 0.339782 0.026455 0.014881
0 0.663360 0.346478 0.016534 0.012401
0 0.675926 0.329861 0.016534 0.014881
0 0.568783 0.283978 0.016534 0.017361
0 0.564484 0.291171 0.019841 0.009921
0 0.657407 0.250744 0.016534 0.012401
0 0.649140 0.242312 0.013228 0.012401
0 0.533730 0.343750 0.029762 0.024802
0 0.680556 0.321429 0.023148 0.014881
0 0.514550 0.363095 0.016534 0.009921
0 0.679894 0.405258 0.019841 0.014881
0 0.674934 0.413194 0.023148 0.014881
0 0.556878 0.338046 0.023148 0.012401
0 0.627646 0.395833 0.023148 0.014881
0 0.602513 0.404514 0.016534 0.017361
0 0.613095 0.408482 0.016534 0.012401
0 0.558862 0.360615 0.023148 0.009921
0 0.554894 0.355407 0.023148 0.012401
0 0.604828 0.277034 0.026455 0.007440
0 0.636243 0.402034 0.023148 0.017361
0 0.574405 0.374504 0.026455 0.019841
0 0.447421 0.234375 0.019841 0.012401
0 0.500992 0.212054 0.019841 0.012401
0 0.633598 0.350694 0.016534 0.009921
0 0.626323 0.239831 0.016534 0.012401
0 0.737103 0.310268 0.029762 0.017361
0 0.704696 0.354415 0.016534 0.007440
0 0.717923 0.364583 0.016534 0.014881
0 0.710648 0.331597 0.016534 0.012401
0 0.723214 0.349950 0.023148 0.012401
0 0.525794 0.407986 0.042989 0.012401
0 0.522817 0.401538 0.019841 0.027282
0 0.543320 0.392113 0.019841 0.012401
0 0.524140 0.416915 0.013228 0.012401
0 0.509921 0.415675 0.016534 0.014881
0 0.730820 0.342510 0.019841 0.022321
0 0.433201 0.425595 0.013228 0.014881
0 0.442791 0.415675 0.026455 0.009921
0 0.627976 0.360615 0.013228 0.009921
0 0.607474 0.351190 0.019841 0.014881
0 0.612765 0.355903 0.019841 0.012401
0 0.463294 0.411458 0.019841 0.012401
0 0.465278 0.417411 0.026455 0.012401
0 0.732804 0.292659 0.033069 0.019841
0 0.709987 0.279762 0.019841 0.014881
0 0.682209 0.273810 0.013228 0.014881
0 0.653108 0.267609 0.019841 0.017361
0 0.425595 0.331349 0.019841 0.009921
0 0.597222 0.312748 0.023148 0.012401
0 0.605159 0.308036 0.029762 0.019841
0 0.579365 0.308036 0.023148 0.009921
0 0.481481 0.342758 0.023148 0.009921
0 0.479828 0.351190 0.019841 0.014881
0 0.557870 0.314484 0.019841 0.014881
0 0.420966 0.353919 0.019841 0.017361
0 0.357474 0.325893 0.026455 0.009921
0 0.550926 0.318452 0.016534 0.024802
0 0.402778 0.406250 0.016534 0.014881
0 0.366402 0.333085 0.029762 0.022321
0 0.439484 0.352679 0.019841 0.019841
0 0.451720 0.354167 0.016534 0.014881
0 0.344246 0.328373 0.026455 0.014881
0 0.333664 0.333085 0.026455 0.012401
0 0.315807 0.338542 0.019841 0.012401
0 0.300926 0.348214 0.036376 0.009921
0 0.298611 0.354167 0.019841 0.009921
0 0.463624 0.352431 0.016534 0.017361
0 0.408399 0.359623 0.019841 0.009921
0 0.398148 0.354167 0.016534 0.014881
0 0.291667 0.356151 0.029762 0.019841
0 0.277447 0.348214 0.019841 0.004960
0 0.481151 0.346726 0.019841 0.019841
0 0.489418 0.329613 0.023148 0.012401
0 0.433862 0.399058 0.016534 0.017361
0 0.422950 0.400298 0.013228 0.019841
0 0.428902 0.389881 0.013228 0.009921
0 0.441138 0.389881 0.016534 0.014881
0 0.433862 0.379216 0.016534 0.012401
0 0.403108 0.372272 0.026455 0.012401
0 0.390212 0.311508 0.016534 0.014881
0 0.400794 0.312748 0.016534 0.017361
0 0.434854 0.338046 0.013228 0.012401
0 0.318452 0.320685 0.013228 0.017361
0 0.320437 0.325397 0.026455 0.009921
0 0.446429 0.324653 0.023148 0.012401
0 0.388889 0.323413 0.016534 0.009921
0 0.379299 0.323909 0.013228 0.009921
0 0.384921 0.334821 0.016534 0.019841
0 0.478836 0.305804 0.016534 0.012401
0 0.483796 0.301339 0.019841 0.022321
0 0.522156 0.304315 0.019841 0.012401
0 0.513228 0.310516 0.016534 0.014881
0 0.457011 0.311012 0.016534 0.014881
0 0.441138 0.375992 0.016534 0.014881
0 0.452050 0.294891 0.019841 0.012401
0 0.461971 0.295883 0.019841 0.017361
0 0.419643 0.323165 0.019841 0.017361
0 0.591931 0.299851 0.016534 0.012401
0 0.506283 0.341518 0.019841 0.022321
0 0.298611 0.335317 0.019841 0.019841
0 0.487103 0.238343 0.019841 0.012401
0 0.480489 0.237351 0.019841 0.017361
0 0.606812 0.215278 0.019841 0.009921
0 0.601190 0.223958 0.016534 0.012401
0 0.590278 0.226438 0.019841 0.007440
0 0.569114 0.224702 0.013228 0.009921
0 0.564484 0.226687 0.019841 0.014881
0 0.550595 0.225694 0.033069 0.014881
0 0.588294 0.216022 0.013228 0.012401
0 0.535053 0.224330 0.023148 0.012649
0 0.537368 0.235367 0.019841 0.017361
0 0.538029 0.320933 0.013228 0.009921
0 0.465608 0.325645 0.016534 0.012401
0 0.520833 0.235367 0.013228 0.017361
0 0.570106 0.240327 0.036376 0.012401
0 0.569114 0.246280 0.026455 0.012401
0 0.516534 0.243800 0.016534 0.007440
